DATATYPE	 3 Dimensional Data
XYZUNITS	 Nanometer;Nanometer;Emission
DECIMALSYMBOL	 ,
X/Y	250,0	257,4	264,7	272,1	279,4	286,8	294,1	301,5	308,8	316,2	323,5	330,9	338,2	345,6	352,9	360,3	367,6	375,0	382,4	389,7	397,1	404,4	411,8	419,1	426,5	433,8	441,2	448,5	455,9	463,2	470,6	477,9	485,3	492,6	500,0
250,0	857,388	651,702	16,731	1,071	0,825	0,665	0,374	0,260	0,206	0,155	0,164	0,130	0,022	0,025	-0,016	-0,027	-0,041	-0,084	-0,070	-0,096	-0,026	-0,022	0,026	-0,014	-0,060	-0,100	-0,090	-0,090	-0,125	-0,065	-0,146	-0,256	-0,112	-0,182	-0,186
251,0	801,016	733,239	26,842	0,806	0,650	0,461	0,364	0,277	0,166	0,191	0,001	0,082	0,024	-0,017	0,036	-0,010	-0,048	-0,132	-0,045	-0,121	-0,074	0,009	0,047	0,035	-0,060	-0,105	-0,117	-0,069	-0,199	-0,221	-0,165	-0,113	-0,168	-0,201	-0,132
252,0	646,565	954,854	69,362	1,135	0,827	0,610	0,434	0,251	0,150	0,160	0,122	0,051	0,083	-0,031	0,007	-0,003	-0,040	-0,062	-0,100	-0,076	-0,104	0,029	0,023	0,032	-0,081	-0,013	-0,067	-0,164	-0,119	-0,181	-0,203	-0,171	-0,203	-0,181	-0,199
253,0	481,540	1015,749	153,762	1,171	0,760	0,578	0,560	0,267	0,236	0,195	0,217	0,028	0,128	0,045	0,079	-0,013	-0,072	-0,102	-0,125	-0,135	-0,027	-0,043	0,118	-0,024	-0,057	-0,140	-0,117	-0,201	-0,183	-0,238	-0,245	-0,228	-0,207	-0,212	-0,190
254,0	296,792	1015,749	299,325	2,147	0,637	0,612	0,346	0,403	0,186	0,074	0,090	0,031	0,082	0,050	-0,037	-0,022	-0,074	-0,086	-0,163	-0,040	-0,084	0,032	0,051	0,021	-0,011	-0,110	-0,118	-0,128	-0,114	-0,171	-0,177	-0,160	-0,152	-0,130	-0,150
255,0	168,319	1015,749	506,251	6,405	0,791	0,463	0,500	0,340	0,204	0,148	0,181	0,109	0,080	0,027	0,090	-0,051	-0,065	-0,103	-0,086	-0,039	-0,069	-0,022	-0,022	0,007	-0,030	-0,113	-0,078	-0,108	-0,138	-0,119	-0,166	-0,230	-0,149	-0,145	-0,194
256,0	85,864	1014,320	744,230	21,153	0,802	0,551	0,423	0,305	0,243	0,120	0,158	0,124	-0,016	0,051	0,043	0,026	-0,058	-0,044	-0,059	0,016	-0,085	-0,079	-0,019	-0,049	-0,115	-0,159	-0,144	-0,117	-0,177	-0,206	-0,158	-0,151	-0,190	-0,136	-0,143
257,0	37,815	886,771	980,691	58,808	1,064	0,640	0,470	0,328	0,300	0,159	0,148	0,140	0,081	0,063	0,008	-0,017	0,048	-0,062	-0,069	-0,007	0,031	-0,036	0,065	-0,082	-0,045	-0,097	-0,167	-0,170	-0,142	-0,114	-0,145	-0,173	-0,148	-0,101	-0,153
258,0	13,767	645,911	1015,749	145,687	1,105	0,713	0,528	0,326	0,275	0,053	0,065	0,054	0,056	-0,039	0,013	0,045	-0,074	-0,048	-0,111	-0,057	-0,050	-0,012	0,031	-0,019	0,034	-0,060	-0,153	-0,114	-0,137	-0,145	-0,177	-0,147	-0,173	-0,151	-0,146
259,0	5,206	432,248	1015,749	285,652	1,664	0,685	0,519	0,383	0,294	0,209	0,169	0,123	-0,001	0,062	-0,001	-0,023	-0,116	-0,072	-0,078	-0,073	-0,069	0,012	0,046	-0,010	-0,015	-0,060	-0,141	-0,140	-0,121	-0,178	-0,170	-0,139	-0,206	-0,172	-0,126
260,0	3,387	251,321	1015,749	502,096	4,429	0,865	0,447	0,486	0,305	0,213	0,060	0,135	0,098	0,024	-0,049	-0,002	0,001	-0,115	-0,057	-0,057	-0,024	0,002	0,048	0,028	-0,010	-0,057	-0,126	-0,120	-0,118	-0,198	-0,165	-0,204	-0,195	-0,194	-0,139
261,0	3,240	126,151	1015,749	796,262	16,536	0,774	0,592	0,380	0,435	0,217	0,112	0,029	0,051	0,044	-0,015	-0,005	-0,024	0,015	-0,080	-0,028	-0,015	0,007	-0,025	-0,090	-0,004	-0,056	-0,121	-0,181	-0,147	-0,127	-0,112	-0,171	-0,158	-0,158	-0,185
262,0	3,030	57,946	1004,768	1005,848	49,623	0,834	0,680	0,434	0,316	0,257	0,144	0,131	0,052	-0,020	-0,021	0,015	-0,090	-0,037	-0,108	-0,009	-0,017	0,022	0,037	0,021	-0,032	-0,064	-0,122	-0,215	-0,183	-0,207	-0,246	-0,172	-0,160	-0,127	-0,111
263,0	3,717	19,023	800,483	1015,749	130,986	0,920	0,529	0,515	0,296	0,203	0,134	0,036	0,164	-0,025	0,041	-0,010	-0,016	-0,059	-0,077	-0,071	-0,050	0,042	0,055	-0,015	-0,063	-0,052	-0,136	-0,123	-0,153	-0,115	-0,174	-0,164	-0,180	-0,245	-0,175
264,0	5,468	6,587	531,276	1015,749	281,159	1,447	0,574	0,400	0,362	0,331	0,161	0,059	0,080	0,070	-0,012	-0,040	0,024	-0,033	0,018	-0,083	-0,043	0,038	-0,010	-0,006	0,032	-0,099	-0,125	-0,146	-0,163	-0,203	-0,110	-0,110	-0,200	-0,194	-0,207
265,0	6,878	3,163	304,617	1015,749	529,298	3,207	0,684	0,605	0,394	0,223	0,180	0,106	0,114	0,043	0,013	-0,013	-0,010	-0,041	-0,009	-0,039	-0,015	-0,030	0,107	-0,023	-0,032	-0,098	-0,174	-0,136	-0,056	-0,167	-0,158	-0,218	-0,171	-0,169	-0,218
266,0	10,249	2,903	167,132	1015,749	797,417	11,986	0,668	0,546	0,366	0,293	0,235	0,137	0,028	0,056	0,002	-0,041	-0,096	-0,038	-0,058	-0,099	0,013	-0,024	0,067	0,027	-0,088	-0,064	-0,129	-0,154	-0,111	-0,174	-0,180	-0,218	-0,185	-0,125	-0,173
267,0	15,432	2,816	69,011	1015,749	1012,988	41,717	0,818	0,531	0,325	0,301	0,252	0,127	0,098	-0,007	0,019	0,033	-0,056	-0,113	-0,156	-0,080	0,002	-0,014	0,049	-0,027	-0,060	-0,105	-0,089	-0,174	-0,142	-0,192	-0,191	-0,105	-0,152	-0,203	-0,128
268,0	21,229	3,036	23,849	963,758	1015,749	114,672	0,902	0,628	0,432	0,337	0,238	0,055	0,073	0,117	0,003	0,025	-0,013	0,004	-0,060	-0,074	-0,024	0,047	-0,016	-0,012	-0,047	-0,065	-0,062	-0,137	-0,111	-0,075	-0,101	-0,180	-0,166	-0,129	-0,150
269,0	26,450	3,564	8,177	686,509	1015,749	242,874	1,108	0,531	0,450	0,284	0,233	0,139	0,171	0,025	0,100	0,030	-0,007	-0,008	-0,130	-0,037	-0,016	-0,007	0,089	0,053	0,016	-0,107	-0,141	-0,188	-0,134	-0,065	-0,090	-0,178	-0,158	-0,136	-0,139
270,0	32,196	5,078	3,908	405,897	1015,749	471,663	2,712	0,569	0,459	0,316	0,260	0,196	0,069	0,039	0,007	-0,006	-0,069	-0,047	-0,031	-0,049	0,051	-0,008	0,004	-0,002	-0,071	-0,158	-0,111	-0,137	-0,131	-0,181	-0,147	-0,199	-0,139	-0,163	-0,147
271,0	35,516	7,150	3,205	200,157	1015,749	789,196	10,520	0,774	0,383	0,339	0,254	0,157	0,046	-0,014	0,041	0,035	-0,059	0,003	-0,066	0,028	-0,069	0,031	0,026	0,026	-0,097	-0,071	-0,145	-0,108	-0,076	-0,150	-0,142	-0,147	-0,199	-0,119	-0,139
272,0	36,639	10,858	2,871	87,627	1015,749	1013,225	38,314	0,765	0,506	0,394	0,264	0,166	0,147	0,011	0,076	0,010	0,000	-0,027	0,034	-0,058	-0,074	-0,008	0,053	0,031	-0,022	-0,066	-0,047	-0,091	-0,200	-0,190	-0,148	-0,191	-0,196	-0,158	-0,170
273,0	36,369	15,026	3,212	33,333	941,000	1015,750	103,408	0,937	0,477	0,418	0,280	0,165	0,010	0,043	0,078	-0,008	-0,054	0,054	-0,036	-0,051	-0,034	0,035	-0,012	-0,038	-0,034	-0,177	-0,136	-0,129	-0,154	-0,194	-0,161	-0,187	-0,184	-0,168	-0,143
274,0	33,491	21,184	3,497	10,073	653,095	1015,750	235,011	1,041	0,538	0,380	0,322	0,239	0,188	0,092	0,062	0,034	-0,013	-0,040	-0,132	-0,084	-0,039	-0,013	0,108	0,049	-0,132	-0,072	-0,019	-0,131	-0,130	-0,129	-0,154	-0,128	-0,119	-0,130	-0,156
275,0	26,151	27,929	4,169	4,783	366,274	1015,750	482,390	2,520	0,685	0,482	0,332	0,271	0,156	0,168	-0,018	-0,056	0,001	0,049	-0,067	-0,043	-0,029	0,031	0,068	0,066	-0,135	-0,054	-0,131	-0,103	-0,140	-0,105	-0,159	-0,201	-0,175	-0,176	-0,124
276,0	22,654	33,607	5,421	4,327	204,825	1015,750	765,504	8,920	0,742	0,531	0,312	0,249	0,161	0,044	0,072	0,059	0,093	-0,043	-0,163	-0,034	-0,043	0,053	0,017	-0,070	-0,087	-0,057	-0,134	-0,140	-0,207	-0,179	-0,076	-0,091	-0,222	-0,229	-0,119
277,0	16,002	37,719	7,795	4,824	90,547	1015,750	1009,266	33,488	0,939	0,522	0,236	0,238	0,160	0,066	0,086	0,009	-0,041	-0,025	-0,109	-0,114	-0,008	0,025	0,009	-0,037	-0,049	-0,079	-0,088	-0,114	-0,080	-0,141	-0,160	-0,128	-0,179	-0,055	-0,132
278,0	11,685	40,243	11,754	5,141	30,783	1010,366	1015,749	105,526	0,912	0,489	0,412	0,286	0,192	0,047	-0,091	0,024	-0,072	0,027	-0,048	-0,014	-0,009	0,046	0,069	0,023	-0,031	-0,089	-0,100	-0,182	-0,131	-0,106	-0,041	-0,140	-0,098	-0,117	-0,085
279,0	7,988	39,502	17,438	5,261	11,726	749,194	1015,749	248,261	1,153	0,602	0,407	0,272	0,191	0,043	0,031	0,054	0,019	0,021	-0,094	-0,013	-0,017	-0,019	-0,010	0,073	-0,019	-0,158	-0,128	-0,139	-0,043	-0,156	-0,166	-0,051	-0,076	-0,090	-0,113
280,0	5,359	35,592	23,260	5,864	7,944	482,938	1015,749	464,395	2,365	0,604	0,429	0,337	0,166	0,150	0,014	0,037	0,115	0,009	-0,138	-0,010	0,010	0,054	0,059	-0,026	-0,014	-0,185	-0,116	-0,104	-0,129	-0,141	-0,123	-0,098	-0,134	-0,057	-0,124
281,0	4,428	31,497	29,431	6,494	7,459	264,695	1015,749	784,409	9,082	0,798	0,340	0,272	0,238	0,177	0,123	-0,003	-0,022	0,007	-0,065	-0,013	-0,057	0,017	0,062	-0,040	-0,097	-0,050	-0,057	-0,118	-0,097	-0,070	-0,119	-0,108	-0,066	-0,073	-0,002
282,0	3,576	26,077	36,322	8,533	8,119	119,215	1015,749	1014,328	35,047	0,773	0,401	0,354	0,172	0,151	0,046	0,045	-0,011	-0,007	-0,023	-0,085	0,034	0,000	0,063	0,038	-0,004	-0,048	-0,090	-0,070	-0,091	-0,092	-0,080	-0,092	-0,078	-0,067	-0,029
283,0	3,351	19,919	40,471	11,682	8,971	45,422	1015,749	1015,749	107,089	0,901	0,507	0,421	0,236	0,078	0,055	-0,045	0,024	0,008	-0,094	-0,032	0,078	0,077	-0,020	0,066	-0,058	-0,118	-0,069	-0,130	-0,046	-0,095	-0,077	-0,148	-0,030	-0,019	-0,055
284,0	3,316	16,435	43,828	14,974	9,354	19,606	887,570	1015,749	243,496	1,038	0,462	0,337	0,314	0,118	0,075	0,030	-0,006	-0,028	-0,024	-0,019	0,001	-0,049	0,049	0,079	-0,051	-0,164	-0,118	-0,084	-0,092	-0,104	-0,047	-0,014	-0,052	-0,024	-0,033
285,0	3,055	12,042	44,214	20,440	10,428	13,139	562,020	1015,749	494,022	1,900	0,631	0,313	0,321	0,139	0,150	0,083	0,086	0,007	-0,065	-0,105	-0,066	0,021	0,020	-0,020	-0,125	-0,008	-0,106	-0,062	-0,087	-0,089	-0,061	-0,104	-0,072	-0,104	0,009
286,0	3,949	8,721	42,572	27,329	12,456	12,465	293,964	1015,749	876,302	7,378	0,514	0,397	0,285	0,240	0,136	0,111	-0,014	-0,018	-0,037	-0,090	-0,034	0,033	0,116	0,010	-0,037	-0,121	-0,031	-0,111	-0,112	-0,131	-0,046	0,005	-0,021	-0,027	0,023
287,0	3,988	7,327	38,125	34,909	13,963	13,367	139,456	1015,749	1015,749	26,229	0,684	0,413	0,450	0,347	0,107	0,073	0,023	-0,053	-0,047	-0,036	0,027	-0,021	0,049	0,031	-0,060	-0,076	-0,067	-0,072	-0,076	-0,059	0,047	0,009	-0,029	0,074	-0,059
288,0	4,202	6,800	32,131	40,592	16,046	15,371	62,132	1015,749	1015,749	93,921	0,772	0,459	0,260	0,211	0,066	0,116	0,047	0,009	-0,048	-0,041	-0,086	0,073	0,076	-0,008	-0,101	-0,072	-0,135	-0,083	-0,066	-0,017	0,002	0,060	-0,030	-0,039	-0,082
289,0	4,725	6,857	26,841	48,274	18,933	16,184	25,579	985,542	1015,749	230,245	1,009	0,564	0,354	0,204	0,198	0,038	-0,007	-0,039	0,023	-0,029	0,012	0,029	0,065	0,013	-0,045	-0,042	-0,075	-0,125	0,017	0,044	-0,064	-0,008	0,003	-0,013	-0,016
290,0	5,262	6,831	22,011	52,172	23,913	17,769	16,331	689,274	1015,749	473,608	1,566	0,645	0,397	0,170	0,132	0,021	0,020	0,072	-0,075	-0,015	0,002	-0,004	0,026	0,046	-0,020	-0,170	-0,119	-0,096	-0,091	0,010	0,006	0,055	0,040	-0,020	0,027
291,0	5,352	7,004	17,379	51,248	27,921	17,894	15,770	396,808	1015,749	768,694	5,332	0,624	0,323	0,195	0,205	0,126	0,011	-0,002	-0,058	0,018	-0,048	0,015	0,059	0,038	-0,042	-0,023	-0,043	-0,094	0,003	-0,014	0,070	-0,085	0,046	-0,023	0,040
292,0	5,344	7,337	15,013	51,610	34,684	20,062	16,068	195,819	1015,749	1013,822	21,428	0,729	0,338	0,286	0,242	0,169	0,004	-0,028	-0,014	0,017	-0,033	0,035	0,188	0,070	0,000	-0,027	-0,098	-0,118	-0,058	-0,015	0,011	0,050	0,048	0,032	0,049
293,0	5,929	7,223	13,495	46,349	41,890	20,777	17,318	82,036	1015,749	1015,749	72,402	0,854	0,454	0,329	0,219	0,083	0,050	-0,007	-0,025	0,002	0,004	0,001	0,141	0,037	-0,067	-0,146	-0,073	-0,038	-0,031	0,055	0,043	0,038	0,022	0,072	-0,002
294,0	6,412	8,028	12,839	41,168	47,800	23,059	18,101	29,739	1008,678	1015,749	187,736	0,985	0,504	0,317	0,239	0,101	0,011	0,050	0,018	-0,058	0,048	0,077	0,053	0,083	-0,114	-0,103	-0,100	-0,049	-0,061	-0,029	-0,062	0,010	0,074	0,033	0,003
295,0	6,280	8,421	12,749	36,734	54,280	25,319	19,366	16,372	764,818	1015,749	383,702	1,357	0,576	0,386	0,260	0,141	0,127	0,015	-0,004	-0,048	0,084	0,083	0,093	0,057	-0,085	-0,099	-0,116	-0,084	-0,090	0,008	0,013	0,076	-0,025	0,084	-0,014
296,0	6,785	8,098	12,360	29,349	57,988	28,695	19,992	13,505	420,998	1015,749	708,151	4,176	0,559	0,260	0,321	0,181	0,056	0,107	0,007	0,023	-0,011	-0,008	0,087	0,046	-0,115	-0,055	-0,084	-0,132	0,030	0,094	0,009	0,079	-0,008	0,030	-0,017
297,0	7,598	9,099	12,951	26,434	60,847	32,987	21,229	14,202	195,587	1015,749	1007,986	19,097	0,714	0,457	0,260	0,209	0,104	-0,005	-0,022	0,037	-0,043	0,038	0,080	-0,040	-0,090	-0,051	-0,160	-0,038	0,031	0,061	0,021	0,005	0,060	-0,034	0,067
298,0	7,480	9,161	13,118	24,255	60,188	39,484	22,791	14,661	77,811	1015,749	1015,749	71,506	0,875	0,415	0,310	0,187	0,100	0,031	-0,033	-0,013	-0,045	0,071	0,006	0,071	0,012	-0,047	-0,112	-0,081	0,051	0,034	-0,012	0,072	0,068	-0,013	0,031
299,0	7,886	9,795	13,511	22,349	56,770	45,146	23,108	15,022	29,250	1010,771	1015,749	181,112	0,956	0,447	0,268	0,245	0,113	0,063	0,077	0,019	-0,009	0,061	0,084	0,071	0,036	-0,038	-0,114	-0,050	0,017	0,058	0,063	0,081	0,040	0,030	0,012
300,0	8,218	9,951	14,266	20,496	51,506	54,247	25,174	16,656	12,424	745,169	1015,749	402,004	1,302	0,571	0,311	0,168	0,165	0,068	0,057	0,013	-0,022	0,079	0,151	0,039	-0,081	-0,128	-0,111	-0,054	0,055	0,017	0,092	-0,014	0,053	0,063	0,114
301,0	8,753	10,738	15,105	20,617	45,759	59,831	26,839	17,275	9,669	406,342	1015,749	754,343	4,652	0,621	0,328	0,285	0,098	0,103	0,043	-0,046	0,005	0,123	0,156	0,058	-0,096	0,013	-0,153	-0,018	0,006	0,004	0,073	0,042	0,077	-0,016	0,022
302,0	9,331	11,408	15,255	21,064	41,645	64,747	29,660	18,180	9,821	192,815	1015,749	1014,989	21,700	0,633	0,419	0,175	0,137	0,047	0,074	-0,031	0,054	0,082	0,095	-0,013	-0,056	-0,058	-0,112	-0,048	-0,008	-0,017	0,055	0,037	0,072	0,029	0,085
303,0	9,251	12,207	15,557	21,805	37,096	67,460	33,370	18,904	10,536	87,718	1015,749	1015,749	65,363	0,683	0,502	0,288	0,218	0,097	0,068	-0,017	-0,013	0,034	0,131	0,016	0,020	-0,160	-0,056	-0,102	-0,048	0,020	0,049	0,005	0,077	0,055	0,040
304,0	9,949	11,869	16,363	22,131	33,793	67,784	38,181	19,729	10,965	30,276	1015,749	1015,749	180,073	0,858	0,437	0,274	0,197	0,086	0,003	0,077	0,033	-0,035	0,058	0,122	-0,041	-0,111	-0,116	-0,018	0,063	0,122	0,080	0,026	0,037	0,070	0,118
305,0	10,488	12,952	16,965	23,639	31,817	65,022	44,206	19,774	11,364	11,054	794,996	1015,749	400,526	1,148	0,525	0,325	0,221	0,027	0,049	0,059	0,029	0,132	0,106	0,078	-0,027	-0,071	-0,107	-0,030	-0,020	-0,042	-0,002	0,069	0,032	0,023	0,005
306,0	11,417	13,617	17,980	23,735	30,681	60,679	51,286	21,292	11,508	7,915	465,771	1015,749	717,605	2,708	0,583	0,312	0,249	0,121	0,090	-0,002	0,059	0,052	0,188	0,056	0,033	-0,113	-0,199	-0,047	-0,004	0,080	0,020	0,098	0,028	0,103	-0,001
307,0	11,627	13,525	18,230	23,088	30,250	56,400	57,386	22,506	12,339	7,995	242,512	1015,749	994,519	10,795	0,654	0,376	0,189	0,174	0,074	0,010	0,045	0,146	0,173	0,054	-0,040	-0,136	-0,132	-0,045	0,037	0,041	0,051	0,060	0,077	0,078	0,064
308,0	11,704	13,766	17,903	23,755	30,126	50,296	61,879	24,983	12,915	8,240	100,713	1015,749	1015,749	44,907	0,868	0,406	0,199	0,108	0,034	0,029	0,090	0,051	0,179	0,107	0,001	-0,043	-0,136	-0,014	0,057	0,031	-0,005	-0,023	0,076	0,069	0,013
309,0	12,020	14,686	18,406	23,320	29,731	45,868	66,543	28,158	14,018	8,583	34,658	1015,749	1015,749	132,935	0,937	0,344	0,313	0,143	0,024	0,059	0,059	0,138	0,125	-0,012	-0,039	-0,047	-0,083	-0,116	-0,059	0,044	0,094	0,008	0,051	0,056	0,061
310,0	12,609	15,599	19,409	24,032	30,262	41,815	66,815	32,508	14,250	9,106	12,042	965,206	1015,749	317,757	1,293	0,412	0,286	0,132	0,081	0,025	0,101	0,134	0,130	0,007	-0,037	-0,114	-0,100	-0,037	0,008	0,074	0,030	0,065	0,003	0,069	0,036
311,0	12,439	14,735	19,385	23,831	29,956	38,918	65,325	37,300	15,191	9,845	7,655	631,101	1015,749	603,874	2,105	0,592	0,287	0,251	0,087	0,061	0,085	0,074	0,054	0,077	-0,038	-0,077	-0,080	-0,131	0,019	0,003	0,032	0,039	0,036	-0,001	0,040
312,0	13,053	15,863	19,458	24,605	29,774	35,519	62,583	43,617	16,250	9,521	7,373	326,269	1015,749	957,730	7,928	0,557	0,281	0,192	0,175	0,040	0,017	0,069	0,094	0,114	0,010	-0,047	-0,074	-0,074	0,014	-0,008	0,009	0,066	0,037	0,085	0,105
313,0	13,621	15,928	20,328	25,144	29,975	35,357	57,928	49,777	17,365	10,194	7,455	143,922	1015,749	1015,750	34,023	0,677	0,260	0,291	0,107	0,081	0,133	0,091	0,204	0,077	-0,103	-0,072	-0,056	-0,123	0,076	0,002	0,104	0,070	0,104	0,102	0,032
314,0	14,169	16,130	20,328	24,875	30,701	34,674	52,113	55,511	19,168	10,707	7,786	44,716	1015,749	1015,750	122,231	0,940	0,412	0,272	0,023	0,154	0,031	0,087	0,116	0,098	-0,027	-0,048	-0,078	-0,029	-0,019	0,038	0,014	0,065	0,082	0,058	0,165
315,0	13,511	17,089	20,177	25,822	30,776	34,135	47,644	60,356	21,839	11,106	8,045	13,542	952,732	1015,750	308,517	1,091	0,499	0,192	0,233	0,149	0,093	0,085	0,203	0,029	-0,092	-0,073	-0,078	-0,089	-0,017	-0,046	-0,012	-0,017	-0,003	-0,043	0,112
316,0	14,520	16,916	20,817	25,262	30,501	35,188	42,925	61,228	26,332	11,786	8,253	7,380	605,512	1015,750	617,857	1,770	0,468	0,322	0,124	0,063	0,105	0,041	0,136	0,070	-0,053	-0,077	-0,066	-0,082	-0,005	-0,042	-0,047	0,031	0,015	-0,037	0,049
317,0	14,770	16,978	22,043	25,904	31,738	34,210	39,480	61,783	31,807	12,856	8,922	6,969	312,863	1015,750	979,971	5,804	0,567	0,350	0,191	0,181	0,127	0,043	0,244	0,137	-0,073	-0,115	-0,097	-0,094	-0,019	0,007	0,011	0,080	0,033	0,043	0,000
318,0	15,198	17,615	20,954	26,188	31,510	35,909	37,956	59,209	37,710	12,952	9,098	6,769	133,451	1015,750	1015,749	27,249	0,634	0,347	0,181	0,088	0,133	0,186	0,262	0,107	-0,050	-0,031	-0,114	-0,103	-0,027	0,027	0,002	0,033	0,056	0,017	0,120
319,0	15,696	17,998	23,068	27,436	32,051	35,669	36,685	56,277	43,346	14,643	9,473	7,050	39,895	1015,750	1015,749	107,306	0,738	0,384	0,209	0,214	0,183	0,149	0,298	0,022	-0,035	-0,103	-0,112	-0,011	0,002	0,050	-0,008	0,028	0,059	0,022	0,088
320,0	15,686	18,807	22,764	27,140	32,729	37,102	37,215	50,798	49,458	16,908	10,252	7,733	13,294	969,698	1015,749	267,296	1,046	0,527	0,262	0,162	0,208	0,166	0,248	0,069	0,003	-0,065	-0,079	-0,052	-0,002	-0,012	0,023	-0,021	0,026	-0,004	0,106
321,0	16,992	18,223	22,764	27,629	33,789	36,605	36,691	46,282	54,656	19,856	10,774	8,056	6,697	612,311	1015,749	552,181	1,650	0,567	0,281	0,244	0,181	0,195	0,348	0,047	-0,073	-0,025	-0,102	-0,084	-0,065	-0,001	-0,050	0,039	0,018	0,130	0,147
322,0	17,241	18,944	23,349	29,108	34,048	38,474	37,938	42,543	58,038	24,045	11,709	8,646	6,171	313,971	1015,749	949,767	6,350	0,596	0,305	0,156	0,155	0,297	0,291	0,083	-0,034	-0,068	-0,129	-0,130	-0,073	-0,037	-0,036	0,041	0,020	0,006	0,091
323,0	17,415	19,873	23,797	29,036	34,673	39,279	38,306	40,277	58,409	30,045	12,506	9,149	6,654	128,389	1015,749	1015,749	33,358	0,782	0,389	0,198	0,194	0,277	0,327	0,108	-0,075	-0,096	-0,113	-0,038	-0,008	-0,058	0,029	0,140	0,094	0,067	0,125
324,0	18,013	19,400	24,606	30,739	35,732	39,805	39,939	39,026	56,863	35,704	14,417	10,108	7,085	44,029	1015,749	1015,749	118,105	0,671	0,333	0,237	0,175	0,159	0,360	0,092	-0,061	-0,006	-0,106	-0,163	-0,064	0,018	-0,069	0,019	0,116	0,127	0,154
325,0	19,039	20,961	25,210	30,874	37,222	40,842	40,349	38,971	55,136	42,112	16,097	10,965	7,933	13,863	1013,155	1015,749	280,578	0,975	0,319	0,280	0,137	0,239	0,456	0,100	-0,057	-0,030	-0,106	-0,093	-0,087	0,009	0,014	0,080	0,055	0,066	0,119
326,0	18,835	22,210	25,467	30,736	37,003	41,955	42,225	38,872	50,890	47,807	18,129	11,884	8,135	7,242	757,883	1015,749	578,406	1,528	0,348	0,200	0,114	0,285	0,486	0,081	0,038	-0,046	-0,134	-0,097	-0,040	-0,041	0,028	-0,015	0,055	0,129	0,146
327,0	18,554	21,444	25,400	31,936	37,805	42,178	42,309	39,588	46,630	53,701	20,560	12,062	8,764	6,700	390,229	1015,749	952,532	5,287	0,512	0,304	0,154	0,235	0,427	0,094	-0,030	-0,149	-0,081	-0,011	-0,021	0,010	0,008	0,107	0,094	0,047	0,110
328,0	19,707	21,942	26,390	32,959	38,272	43,231	44,631	40,606	43,876	57,582	24,151	13,188	9,418	6,566	165,729	1015,749	1015,749	28,191	0,654	0,328	0,245	0,270	0,350	0,111	-0,002	0,000	0,000	-0,116	0,024	-0,007	0,039	0,054	0,068	0,073	0,113
329,0	20,770	22,997	26,490	33,123	37,597	42,687	44,163	41,659	40,642	58,318	29,353	13,682	10,425	7,233	49,910	1015,749	1015,749	112,614	0,737	0,341	0,264	0,336	0,442	0,109	-0,033	-0,082	-0,131	-0,073	-0,090	0,002	-0,053	0,046	0,044	0,125	0,027
330,0	21,114	23,036	27,544	33,385	38,972	44,026	45,535	41,428	39,043	56,977	34,723	15,072	10,875	7,603	15,506	984,566	1015,749	267,169	0,978	0,474	0,232	0,438	0,461	0,125	-0,043	0,053	-0,025	0,019	-0,063	-0,014	0,003	0,042	0,033	0,183	0,107
331,0	21,493	24,125	27,787	33,827	38,591	44,478	46,632	42,675	38,284	54,294	40,602	16,023	11,003	7,969	7,523	679,029	1015,749	592,969	1,488	0,537	0,307	0,335	0,405	0,214	-0,065	-0,063	-0,079	-0,066	-0,005	0,050	-0,101	0,044	0,078	0,083	0,124
332,0	21,648	24,337	26,796	33,324	39,593	45,443	46,472	43,645	38,377	49,520	45,791	17,567	12,121	8,426	6,998	327,388	1015,749	969,254	4,811	0,541	0,346	0,235	0,404	0,234	-0,042	-0,067	0,018	-0,103	-0,044	-0,061	-0,032	0,020	-0,001	0,188	0,212
333,0	22,495	23,748	29,038	34,043	39,945	45,280	47,265	44,418	39,319	44,348	50,274	19,828	12,493	8,719	7,331	133,261	1015,749	1015,749	24,727	0,622	0,461	0,387	0,457	0,276	-0,038	-0,014	0,023	-0,072	-0,016	0,018	0,035	0,015	0,068	0,116	0,157
334,0	22,752	24,439	29,004	35,660	41,849	44,252	47,970	45,139	39,115	40,891	53,462	23,337	12,551	9,799	7,339	41,799	1015,749	1015,749	94,439	0,829	0,358	0,335	0,495	0,166	-0,013	-0,111	-0,033	-0,016	-0,045	0,012	-0,021	0,058	0,107	0,066	0,155
335,0	23,951	24,558	29,001	33,911	40,335	45,694	48,218	46,208	39,239	38,099	54,050	26,784	13,229	9,950	7,470	13,587	975,330	1015,749	242,973	0,866	0,495	0,324	0,546	0,134	0,047	-0,082	-0,093	-0,049	-0,035	-0,029	0,014	0,070	-0,006	0,159	0,238
336,0	24,743	25,152	29,836	34,632	42,241	45,617	48,908	45,866	41,334	35,920	52,876	32,399	14,665	10,278	7,955	7,708	626,620	1015,749	528,967	1,411	0,491	0,392	0,417	0,188	0,050	-0,015	0,010	-0,013	0,038	0,010	0,055	0,101	0,088	0,186	0,106
337,0	24,449	26,628	30,326	36,444	42,015	47,074	50,240	48,260	41,726	34,533	49,438	38,152	15,090	10,933	8,685	7,325	295,383	1015,749	950,086	5,447	0,522	0,359	0,533	0,234	0,039	-0,071	-0,031	-0,056	-0,082	-0,007	0,002	0,079	0,115	0,166	0,150
338,0	27,140	27,207	30,678	36,029	42,905	47,149	49,977	47,727	42,761	34,841	45,602	44,002	17,167	11,779	9,232	7,577	118,184	1015,749	1015,749	28,004	0,673	0,501	0,554	0,289	0,008	-0,062	-0,034	-0,054	0,088	-0,076	-0,027	0,059	0,084	0,140	0,091
339,0	27,664	28,101	32,219	38,015	43,731	47,564	51,105	47,993	43,695	35,633	42,049	47,676	18,694	12,465	9,680	7,892	37,848	1015,749	1015,749	101,783	0,776	0,440	0,678	0,284	0,204	-0,004	-0,054	-0,013	0,043	0,043	0,014	0,024	0,119	0,207	0,181
340,0	28,152	29,686	33,212	37,118	43,628	47,802	51,368	50,136	44,965	35,877	39,114	49,277	21,066	12,781	10,237	7,949	12,591	946,127	1015,749	252,781	0,917	0,504	0,700	0,281	0,051	0,032	-0,037	-0,140	0,056	0,009	0,050	0,080	0,156	0,086	0,138
341,0	29,601	28,581	33,735	38,093	43,550	48,957	52,318	49,417	45,403	36,597	35,207	51,313	25,880	13,564	10,458	8,624	7,637	551,589	1015,749	540,276	1,538	0,523	0,729	0,169	0,029	-0,013	0,054	-0,058	0,122	0,026	0,050	0,108	0,142	0,204	0,132
342,0	31,328	31,149	33,781	39,123	44,749	48,577	52,450	52,010	46,261	37,060	33,136	49,788	30,759	14,722	11,402	9,295	7,394	251,951	1015,749	932,065	5,310	0,797	0,760	0,293	0,010	-0,005	0,036	-0,051	0,010	0,005	0,049	0,110	0,122	0,138	0,120
343,0	32,239	32,278	35,016	38,937	43,981	49,584	53,275	52,044	47,285	38,323	32,373	48,337	36,494	15,534	11,930	9,890	7,720	89,882	1015,749	1015,749	32,414	0,852	0,843	0,347	0,127	0,058	0,033	-0,046	-0,052	-0,001	0,099	0,184	0,157	0,176	0,213
344,0	33,954	33,924	37,497	41,691	44,661	49,839	52,963	52,730	47,270	39,525	32,025	44,154	41,277	17,026	12,668	10,139	7,608	27,640	1015,749	1015,749	114,234	1,199	0,994	0,348	0,068	0,059	0,012	0,005	0,071	0,075	0,117	0,198	0,070	0,157	0,195
345,0	34,451	35,152	38,958	41,545	45,171	50,214	54,323	53,466	48,921	39,914	32,853	42,689	45,853	19,183	13,280	11,022	8,389	10,249	957,473	1015,749	266,680	1,184	1,036	0,290	0,152	0,024	-0,029	0,060	-0,005	-0,013	0,165	0,247	0,269	0,220	0,294
346,0	37,061	37,359	39,463	43,358	47,001	51,300	54,044	53,047	50,036	40,758	33,532	38,044	48,845	21,743	13,894	11,407	8,638	7,434	581,249	1015,749	578,676	1,849	1,273	0,411	0,105	0,064	0,037	-0,003	0,084	-0,028	0,235	0,196	0,202	0,334	0,290
347,0	40,097	38,582	41,649	44,549	47,344	51,052	54,214	54,116	49,671	41,174	33,573	35,148	50,706	24,910	14,578	12,067	9,285	7,406	286,208	1015,749	951,913	6,238	1,076	0,344	0,090	0,033	-0,020	0,085	0,125	0,110	0,227	0,220	0,270	0,304	0,381
348,0	40,660	41,939	44,603	45,229	48,017	51,720	55,148	54,654	51,184	43,959	35,454	32,792	49,715	29,670	15,668	12,564	9,864	7,626	119,743	1015,749	1015,749	32,222	1,245	0,472	0,194	0,053	0,070	0,165	0,190	0,170	0,258	0,432	0,366	0,437	0,348
349,0	44,118	45,043	46,415	48,170	50,202	52,978	55,879	54,704	51,165	44,380	36,550	32,466	47,967	33,763	16,301	13,214	10,474	7,527	37,196	1015,749	1015,749	110,341	1,286	0,461	0,217	0,054	0,038	0,123	0,256	0,129	0,276	0,309	0,338	0,343	0,461
350,0	47,860	48,193	50,274	49,231	50,950	53,792	57,652	56,524	52,425	44,926	37,571	32,522	45,441	38,894	18,206	13,958	11,036	8,545	11,662	961,010	1015,749	284,300	1,557	0,608	0,210	0,159	0,087	0,118	0,157	0,327	0,317	0,348	0,356	0,357	0,358
351,0	50,531	52,319	51,616	51,957	51,317	54,206	57,839	57,432	54,295	45,629	39,188	33,050	42,168	43,745	19,312	14,821	11,578	8,926	7,547	646,310	1015,749	578,545	1,950	0,526	0,355	0,098	0,180	0,279	0,214	0,280	0,396	0,344	0,464	0,441	0,417
352,0	53,841	55,394	56,014	53,949	54,836	55,936	59,481	57,460	54,796	47,440	40,475	33,883	40,341	46,944	22,097	14,870	12,428	9,593	7,078	314,213	1015,749	959,996	4,859	0,682	0,291	0,182	0,302	0,349	0,271	0,363	0,466	0,403	0,445	0,357	0,336
353,0	57,984	59,716	59,816	56,624	56,009	58,003	59,952	59,067	56,718	48,422	42,593	35,571	36,968	48,687	24,396	15,975	12,796	10,341	7,461	139,638	1015,749	1015,750	24,713	0,753	0,408	0,237	0,338	0,441	0,428	0,394	0,444	0,411	0,354	0,380	0,356
354,0	58,425	61,423	61,854	59,175	57,049	58,032	60,021	58,692	55,969	49,075	43,490	36,031	34,990	50,178	29,108	17,186	14,041	10,503	7,782	41,129	1015,749	1015,750	91,042	0,849	0,412	0,418	0,417	0,447	0,521	0,414	0,480	0,406	0,379	0,388	0,321
355,0	61,458	63,630	65,399	59,124	57,849	59,633	61,234	59,576	57,121	49,936	42,770	37,450	34,442	50,000	33,526	17,941	14,820	11,356	8,009	12,632	992,050	1015,750	246,909	1,193	0,510	0,487	0,409	0,644	0,598	0,505	0,367	0,385	0,339	0,284	0,256
356,0	63,664	65,219	66,818	61,090	58,707	59,525	60,292	60,990	57,275	51,204	44,465	38,877	33,296	46,860	38,568	20,198	15,011	12,321	8,499	7,505	645,048	1015,750	543,293	1,915	0,811	0,657	0,520	0,830	0,644	0,387	0,348	0,347	0,360	0,266	0,256
357,0	64,629	66,900	66,623	62,462	60,557	59,147	60,236	60,066	57,802	50,831	45,044	39,420	33,560	45,048	42,686	21,146	16,335	12,717	9,033	7,037	358,198	1015,750	912,093	5,657	1,042	0,815	0,605	0,851	0,553	0,427	0,318	0,324	0,276	0,192	0,260
358,0	63,751	66,105	67,224	62,905	60,636	58,834	60,771	60,013	58,487	51,513	45,413	39,732	33,868	41,680	47,178	23,504	16,491	13,758	9,910	7,602	146,538	1015,750	1015,749	29,020	1,429	0,900	0,806	0,848	0,640	0,386	0,287	0,325	0,298	0,297	0,172
359,0	64,470	66,215	68,484	63,848	60,194	59,076	60,352	60,095	57,564	51,772	45,945	39,965	34,258	38,738	49,607	25,570	17,734	14,360	10,446	8,233	49,150	1015,750	1015,749	104,610	1,714	1,204	0,786	0,877	0,709	0,257	0,307	0,270	0,205	0,262	0,242
360,0	63,552	67,112	68,863	63,307	60,278	59,291	62,139	59,936	57,199	51,381	46,041	40,547	35,627	36,144	50,363	29,540	18,583	14,986	11,790	9,075	14,104	978,015	1015,749	277,909	2,073	1,418	0,828	0,794	0,545	0,200	0,254	0,120	0,197	0,170	0,235
361,0	64,744	67,320	68,180	62,981	60,346	59,060	61,548	60,678	58,904	52,445	46,857	41,096	36,208	34,572	49,940	33,617	19,993	15,850	12,568	9,443	8,345	590,944	1015,749	577,711	2,805	1,460	1,036	0,560	0,464	0,210	0,160	0,100	0,184	0,232	0,160
362,0	66,314	67,718	67,931	65,124	60,566	60,095	60,561	60,431	58,179	51,854	46,750	41,743	36,304	33,261	48,614	38,526	20,658	16,569	13,261	10,214	8,062	285,584	1015,749	965,390	7,026	1,511	0,907	0,488	0,366	0,188	0,116	0,103	0,202	0,046	0,215
363,0	66,352	67,924	68,218	64,275	60,483	60,193	59,731	60,191	58,244	52,279	46,452	41,787	36,524	33,625	45,714	42,143	21,607	16,938	13,966	10,561	8,368	123,350	1015,749	1015,749	26,914	1,425	0,813	0,490	0,310	0,085	0,129	0,231	0,180	0,236	0,146
364,0	67,656	69,789	69,854	65,726	60,372	59,219	60,407	58,771	58,282	52,844	48,246	41,953	37,496	34,145	43,494	44,949	23,702	17,600	14,525	10,882	8,047	40,600	1015,749	1015,749	95,879	1,298	0,782	0,364	0,290	0,184	0,106	0,124	0,180	0,174	0,192
365,0	69,064	71,479	69,600	65,819	61,061	59,726	61,254	59,626	58,068	53,485	47,503	43,526	37,771	34,915	41,083	48,183	25,786	18,545	14,753	11,029	7,838	12,944	995,150	1015,749	261,972	1,226	0,637	0,306	0,293	0,160	0,109	0,159	0,132	0,152	0,144
366,0	68,710	70,591	71,168	67,276	61,918	59,910	60,352	60,828	58,470	53,848	48,655	42,867	38,609	35,297	38,267	50,229	28,698	19,506	15,029	11,401	8,056	7,537	646,826	1015,749	542,872	1,751	0,616	0,215	0,148	0,095	0,151	0,152	0,139	0,117	0,208
367,0	69,840	70,006	71,754	67,251	62,141	59,544	60,629	59,864	58,315	53,844	49,215	44,095	39,596	35,876	36,373	51,635	32,502	20,287	15,766	11,522	7,993	6,667	331,483	1015,749	925,562	6,494	0,572	0,341	0,169	0,097	0,082	0,132	0,087	0,169	0,167
368,0	72,419	72,250	71,781	67,732	63,462	60,239	60,716	60,722	59,727	53,891	49,812	44,678	40,212	35,904	35,309	49,342	36,998	20,947	16,472	12,110	8,464	6,764	140,506	1015,749	1015,749	33,695	0,567	0,347	0,259	0,102	0,094	0,088	0,111	0,153	0,171
369,0	71,627	73,552	75,137	68,746	62,880	60,446	61,214	58,630	59,532	53,841	49,696	46,338	40,915	37,491	35,254	47,152	41,435	23,259	17,120	12,572	8,649	6,874	46,589	1015,749	1015,749	116,176	0,709	0,407	0,260	0,188	0,106	0,119	0,094	0,146	0,142
370,0	74,552	74,426	75,654	71,214	62,850	61,347	60,934	60,350	59,741	55,459	51,242	46,649	41,379	37,719	35,677	45,250	43,739	24,507	17,839	12,938	9,482	7,021	13,916	982,409	1015,749	268,720	0,931	0,380	0,215	0,217	0,044	0,107	0,128	0,186	0,146
371,0	76,109	77,137	75,259	69,358	63,463	60,924	60,720	59,602	59,679	54,857	51,303	46,628	42,568	38,779	36,215	43,636	47,644	26,701	19,006	13,957	10,263	7,078	6,798	634,198	1015,749	539,471	1,155	0,451	0,299	0,184	0,061	0,092	0,070	0,173	0,108
372,0	76,204	78,051	75,953	70,655	64,967	61,375	60,716	60,671	58,804	55,214	51,778	47,651	43,174	40,456	36,697	41,286	49,442	29,335	19,873	14,457	10,896	7,718	6,214	314,797	1015,749	919,331	4,636	0,431	0,326	0,167	0,161	0,149	0,133	0,143	0,201
373,0	75,691	79,292	78,053	71,709	63,917	61,593	61,237	59,565	59,000	55,128	52,455	48,455	45,065	41,461	37,338	38,636	52,417	33,214	20,590	15,340	11,362	8,019	6,117	130,427	1015,749	1015,749	26,867	0,672	0,479	0,248	0,037	0,155	0,092	0,069	0,150
374,0	76,417	77,153	76,337	71,595	64,860	60,554	60,316	59,473	58,222	55,885	52,305	49,681	45,148	41,490	38,815	38,335	50,707	36,774	22,408	16,751	12,500	8,946	6,475	36,989	1015,749	1015,749	99,011	0,724	0,455	0,171	0,194	0,165	0,157	0,104	0,061
375,0	77,395	76,401	76,746	70,422	63,253	59,959	60,741	58,796	58,861	55,968	53,437	50,100	45,462	42,809	39,169	38,079	50,474	41,412	23,648	17,282	12,800	9,396	6,641	9,810	951,800	1015,749	267,892	0,868	0,442	0,204	0,230	0,145	0,063	0,191	0,118
376,0	74,140	76,634	76,155	70,179	62,400	59,900	59,473	58,654	59,209	55,804	53,348	49,877	46,959	43,429	41,267	38,287	48,323	45,686	25,281	18,875	13,683	9,863	6,838	5,106	562,042	1015,749	571,943	1,548	0,481	0,298	0,173	0,229	0,191	0,110	0,144
377,0	74,832	75,721	75,026	69,193	62,915	60,659	59,531	58,473	58,864	55,405	53,387	50,236	46,596	43,541	41,421	38,854	46,022	48,358	27,526	19,390	14,707	10,380	7,067	5,194	300,527	1015,749	935,151	6,717	0,620	0,307	0,175	0,155	0,171	0,223	0,138
378,0	74,173	74,573	74,907	69,229	62,476	59,265	59,293	57,017	57,234	54,909	53,166	51,153	47,322	44,890	41,847	39,359	43,581	50,594	29,273	20,369	15,307	10,927	7,310	5,339	116,216	1015,749	1015,749	34,766	0,655	0,359	0,291	0,211	0,108	0,179	0,214
379,0	73,587	72,939	74,091	67,750	61,724	59,305	59,076	58,013	58,171	55,554	53,191	51,432	48,883	45,001	43,074	40,521	42,527	51,978	32,397	21,614	16,261	11,574	7,926	5,313	36,943	1015,749	1015,749	124,874	0,694	0,344	0,322	0,281	0,166	0,181	0,264
380,0	73,068	71,605	72,913	68,082	59,576	59,269	57,184	56,648	57,016	54,678	54,170	50,251	48,333	45,530	43,200	40,935	40,720	51,842	35,731	22,592	16,747	12,684	8,446	5,683	8,712	854,070	1015,749	303,017	1,033	0,413	0,143	0,281	0,148	0,194	0,212
381,0	73,135	73,496	70,542	66,385	60,036	58,154	56,749	57,226	56,995	53,026	53,539	50,189	49,155	46,879	43,869	41,466	39,237	51,120	39,445	23,922	17,896	12,868	8,869	6,075	5,056	469,460	1015,749	598,834	1,961	0,554	0,254	0,160	0,189	0,198	0,164
382,0	71,431	70,704	70,015	66,367	59,101	57,083	56,286	55,564	55,949	54,611	53,004	51,252	48,546	46,512	45,100	42,023	39,721	48,572	43,059	24,813	18,339	13,730	9,430	6,451	4,698	212,468	1015,749	959,843	9,532	0,468	0,285	0,216	0,195	0,182	0,171
383,0	71,468	71,028	70,209	65,574	60,032	55,423	56,387	54,686	55,375	54,298	53,733	51,304	49,890	47,320	45,140	43,270	40,123	46,824	45,871	26,301	18,983	14,385	9,840	6,639	4,888	78,895	1015,749	1015,749	48,446	0,680	0,376	0,283	0,216	0,237	0,206
384,0	71,354	70,549	68,458	63,921	58,598	55,911	55,577	54,724	55,228	53,128	52,415	52,481	49,922	48,368	45,606	43,747	40,554	44,780	48,283	28,081	19,392	14,563	10,051	7,258	4,942	19,177	1015,749	1015,749	153,172	0,785	0,545	0,292	0,236	0,202	0,127
385,0	70,747	70,402	67,033	63,329	57,085	55,199	55,506	54,051	56,209	53,716	52,690	51,761	49,712	48,705	46,691	43,172	40,400	42,440	49,624	30,371	20,317	15,413	10,936	7,455	5,315	5,737	789,428	1015,749	358,078	1,005	0,576	0,363	0,232	0,134	0,174
386,0	70,940	70,636	67,987	63,415	57,675	54,873	54,594	54,196	54,596	53,121	52,512	51,839	50,676	48,804	47,134	44,166	40,419	41,203	49,687	33,226	21,267	15,701	11,453	7,694	5,383	4,454	425,343	1015,749	663,778	2,071	0,523	0,305	0,242	0,163	0,160
387,0	71,480	70,457	68,361	63,137	55,720	54,994	54,574	54,744	53,196	52,360	52,201	51,649	50,090	48,741	46,446	44,979	41,770	40,381	49,263	35,587	22,263	16,591	11,985	8,292	5,879	4,338	184,615	1015,749	990,354	9,727	0,648	0,325	0,316	0,280	0,145
388,0	71,677	69,946	68,256	62,469	56,470	54,288	53,895	53,132	52,903	52,319	52,834	51,986	50,372	48,062	47,513	44,770	42,839	39,496	47,428	38,530	22,985	17,257	12,570	8,805	5,930	4,595	62,782	1015,749	1015,749	44,892	0,754	0,434	0,257	0,181	0,236
389,0	70,835	69,761	67,824	60,741	57,729	53,282	53,357	52,865	53,613	52,098	53,151	51,555	50,470	49,381	46,774	46,178	41,414	39,800	45,337	41,967	24,142	17,601	12,987	9,130	6,325	4,693	15,094	1008,350	1015,749	151,994	0,917	0,367	0,289	0,202	0,213
390,0	75,082	71,108	69,430	61,200	55,804	53,396	52,306	52,848	53,605	53,504	52,217	51,527	50,447	50,294	47,989	46,019	42,746	39,977	43,651	44,262	25,878	18,030	13,677	9,732	6,776	5,058	5,176	717,631	1015,749	346,564	1,107	0,517	0,311	0,232	0,142
391,0	72,165	73,114	67,968	60,675	56,912	52,611	53,608	52,311	52,493	52,655	52,851	52,654	51,155	49,635	48,304	46,336	42,823	40,819	41,097	45,465	27,785	18,950	14,073	10,337	7,291	5,178	4,327	376,093	1015,749	667,221	2,585	0,473	0,340	0,230	0,255
392,0	71,688	72,101	68,467	61,822	54,431	51,581	51,973	52,353	52,354	53,324	52,851	52,256	50,871	49,815	49,283	46,219	44,056	41,040	39,635	46,570	29,950	19,623	14,974	10,364	7,568	5,492	4,246	147,013	1015,749	993,765	12,959	0,754	0,397	0,290	0,225
393,0	71,591	70,155	67,737	60,931	54,678	51,605	52,651	51,688	51,512	52,018	53,087	52,569	51,064	50,043	49,805	46,484	45,005	41,221	39,673	45,985	32,611	20,137	15,406	11,462	8,084	5,751	4,576	48,551	1015,749	1015,749	54,204	0,937	0,410	0,340	0,217
394,0	68,944	71,563	68,319	60,740	54,594	51,869	51,358	49,775	51,070	52,828	52,627	52,741	51,335	51,030	49,341	47,602	44,796	41,934	38,990	45,011	35,251	21,198	15,929	11,945	8,622	6,265	4,719	12,299	998,137	1015,749	171,972	1,040	0,459	0,213	0,141
395,0	71,313	72,067	67,076	59,851	55,527	50,970	50,539	50,021	50,449	51,433	53,409	52,580	51,213	51,106	49,701	48,276	45,445	41,817	38,370	43,644	37,407	22,378	16,135	12,399	9,003	6,597	4,701	4,976	735,843	1015,749	348,490	1,166	0,430	0,383	0,338
396,0	70,240	70,673	65,560	60,101	53,444	50,979	49,876	49,613	51,647	51,369	51,552	51,958	52,138	50,586	50,825	48,064	45,444	42,725	39,077	41,938	40,048	23,733	16,831	12,571	9,778	6,929	4,914	4,238	377,690	1015,749	686,470	2,886	0,607	0,357	0,237
397,0	69,406	69,663	67,413	60,456	53,109	50,680	49,793	50,765	50,715	50,641	51,607	51,588	52,176	51,337	50,542	48,567	45,880	43,233	38,931	40,047	42,201	25,472	17,681	13,348	10,061	7,320	5,371	4,411	154,844	1015,749	1001,232	14,932	0,686	0,382	0,370
398,0	70,387	69,780	66,591	59,267	53,304	50,928	50,623	49,917	50,503	51,313	51,428	52,238	52,155	51,519	50,647	48,971	46,079	43,689	40,525	39,023	43,385	27,422	18,343	13,791	10,566	7,846	5,607	4,366	47,523	1015,749	1015,749	63,978	0,788	0,416	0,393
399,0	70,293	69,916	66,881	58,595	52,686	50,445	49,821	48,849	49,748	50,230	50,368	51,841	52,094	52,111	50,798	49,430	46,289	44,713	39,910	37,902	43,941	29,886	19,064	14,424	10,938	8,105	5,870	4,751	11,584	984,780	1015,749	180,992	0,850	0,490	0,322
400,0	69,543	69,580	67,601	58,848	52,288	49,606	49,260	48,687	50,186	51,059	51,199	52,121	52,511	51,176	51,439	50,163	47,161	44,325	41,279	38,051	43,519	32,636	19,846	14,790	11,454	8,511	6,349	4,738	4,944	654,855	1015,749	408,953	1,216	0,564	0,427
401,0	70,029	68,886	66,514	57,981	51,411	50,484	48,641	48,312	50,522	50,281	51,605	52,545	52,228	52,394	51,610	50,348	48,118	45,058	41,221	37,142	42,103	35,276	20,991	15,707	11,944	8,909	6,615	4,949	4,298	329,745	1015,749	771,016	2,111	0,596	0,476
402,0	69,214	68,111	65,321	59,137	52,548	48,241	49,385	49,262	50,621	50,314	52,130	52,122	53,076	52,784	52,429	50,283	48,341	45,561	42,036	37,429	40,829	37,557	22,034	16,037	12,545	9,545	7,141	5,238	4,376	136,823	1015,749	1014,652	8,887	0,651	0,357
403,0	69,443	70,257	67,237	57,274	52,241	51,121	49,164	49,011	50,217	50,614	52,182	52,454	54,478	52,773	52,028	50,803	49,139	45,427	42,205	37,751	39,383	39,772	24,029	16,862	13,005	9,808	7,629	5,293	4,564	39,763	1015,749	1015,749	43,880	0,725	0,429
404,0	69,058	70,037	66,836	58,537	51,960	48,744	49,523	48,613	50,883	51,670	51,960	53,140	53,374	53,745	53,954	51,939	49,789	46,881	43,519	38,395	38,169	41,190	25,616	17,475	13,398	10,525	7,824	5,736	4,658	10,651	1015,749	1015,749	133,410	0,842	0,428
405,0	70,833	71,273	67,706	59,269	53,708	49,248	49,611	47,993	49,867	50,434	51,763	53,508	53,919	54,279	53,455	52,381	49,607	47,917	43,696	39,302	36,629	42,038	28,153	18,701	14,398	10,987	8,284	6,292	4,927	4,492	765,763	1015,749	336,857	1,040	0,559
406,0	69,418	70,983	66,899	59,771	51,832	50,218	48,511	47,502	49,762	51,143	51,448	54,230	54,134	54,575	54,384	52,430	50,902	47,358	44,021	39,664	36,339	41,598	29,769	19,631	14,893	11,397	8,654	6,280	4,791	4,016	396,709	1015,749	670,240	1,710	0,555
407,0	71,613	71,054	67,076	59,514	53,097	50,545	49,146	49,063	50,326	51,057	52,320	53,660	54,138	54,907	54,381	53,367	51,643	48,201	45,074	40,326	36,961	40,979	32,540	20,199	15,609	12,002	9,132	6,847	5,047	4,134	157,871	1015,749	994,321	6,685	0,774
408,0	70,543	70,545	67,879	60,653	53,619	50,802	48,595	48,668	50,295	51,624	52,736	53,496	54,766	55,081	53,852	53,760	51,685	48,792	45,680	41,691	36,977	40,718	34,419	21,395	16,364	12,386	9,460	7,057	5,494	4,290	57,187	1015,749	1015,749	26,982	0,702
409,0	72,216	72,514	67,891	59,815	52,790	49,570	49,257	49,619	49,966	51,578	52,575	54,434	56,374	55,577	55,763	53,973	52,167	49,462	46,683	41,893	37,026	39,049	36,999	22,383	16,782	13,038	9,822	7,568	5,855	4,272	13,124	1015,749	1015,749	102,936	0,860
410,0	73,917	73,186	68,607	61,655	53,465	50,144	50,030	48,975	49,691	50,921	53,728	55,514	55,866	56,160	55,829	54,715	53,518	50,637	46,949	42,646	37,817	38,021	38,322	24,709	17,272	13,807	10,169	7,836	5,918	4,562	4,448	881,442	1015,749	265,381	0,936
411,0	72,965	73,320	69,665	60,788	53,785	50,958	49,792	48,727	50,079	52,506	53,024	55,481	56,676	55,277	56,390	54,824	53,270	50,936	47,290	42,794	38,356	37,170	40,358	26,417	18,051	14,396	10,712	8,390	6,288	4,575	4,094	486,995	1015,749	552,620	1,406
412,0	71,915	73,587	70,475	62,887	54,504	51,139	48,903	48,416	50,175	51,799	53,257	55,963	57,171	56,992	57,360	55,635	53,847	52,170	48,177	44,204	38,609	36,947	39,892	28,655	18,875	14,669	11,567	8,870	6,622	4,873	3,961	208,279	1015,749	934,432	3,899
413,0	73,631	74,545	69,993	61,226	54,182	50,542	49,457	48,891	51,261	52,341	53,099	55,425	56,522	57,390	56,677	56,627	54,344	52,291	48,589	44,190	39,357	35,977	39,957	31,061	19,882	15,094	11,919	9,143	6,850	5,117	4,137	74,453	1015,749	1015,749	18,528
414,0	74,415	74,356	70,856	63,680	54,471	50,593	48,888	49,125	50,064	51,479	53,697	55,390	56,620	56,838	57,863	56,639	55,078	51,950	49,677	44,936	40,949	36,087	39,266	33,642	20,472	15,659	12,180	9,542	7,294	5,247	4,161	14,804	1015,749	1015,749	67,676
415,0	73,085	74,307	71,291	62,959	55,172	50,417	49,373	49,050	50,853	52,454	55,068	55,193	57,055	57,499	57,811	56,458	55,231	53,371	49,964	45,000	41,151	36,368	38,001	34,731	22,114	16,507	12,610	9,940	7,539	5,569	4,310	4,786	786,400	1015,749	179,816
416,0	73,599	74,379	70,928	62,170	55,971	50,416	49,164	49,466	49,867	52,218	54,151	56,311	56,390	57,373	58,152	57,355	55,592	53,946	50,105	46,230	40,671	36,280	37,687	36,592	23,057	17,009	12,984	10,247	7,975	5,912	4,345	3,994	431,788	1015,749	385,341
417,0	73,102	75,421	71,218	62,357	55,335	51,162	49,269	48,921	49,513	52,169	54,371	55,861	57,425	58,075	58,687	57,071	56,169	53,607	51,216	46,021	41,767	36,746	36,184	38,070	24,934	17,518	13,800	10,644	8,019	6,167	4,256	3,927	198,123	1015,749	729,920
418,0	74,552	74,973	73,227	62,881	55,830	51,633	49,325	49,631	51,162	51,563	53,673	55,282	57,481	58,335	58,537	57,448	55,536	54,498	51,004	46,728	42,305	37,964	35,370	38,661	26,548	18,136	14,038	11,178	8,801	6,406	4,712	4,018	69,435	1015,749	1010,088
419,0	74,510	75,087	73,529	62,517	56,444	51,898	49,346	49,227	49,674	52,063	53,813	55,888	57,177	58,704	58,944	58,570	56,326	54,260	51,013	48,069	42,725	38,508	35,287	38,030	28,388	19,079	14,563	11,749	8,816	6,553	4,942	3,976	19,185	1015,749	1015,749
420,0	75,169	75,651	73,666	63,013	55,447	51,223	49,387	48,470	50,802	51,503	54,025	55,761	57,667	57,730	58,461	57,845	56,444	55,018	51,630	47,776	43,518	38,526	35,025	37,971	30,418	19,849	15,047	11,622	9,287	6,809	5,228	3,972	5,422	895,432	1015,749
421,0	76,434	75,531	72,882	63,690	55,591	51,821	49,825	49,863	50,309	51,378	53,308	55,772	56,964	58,259	58,106	57,669	56,658	55,378	51,636	49,052	43,455	39,148	34,879	36,800	32,249	21,111	15,460	12,226	9,761	7,286	5,231	4,323	3,756	499,806	1015,749
422,0	74,617	77,412	74,703	63,897	55,443	51,923	49,082	48,357	49,886	51,177	54,061	54,435	56,389	58,473	58,206	57,783	56,967	55,398	52,325	49,065	43,503	39,946	34,288	35,817	33,678	21,721	16,047	12,709	9,695	7,567	5,574	4,331	3,622	237,627	1015,749
423,0	75,164	76,493	72,279	63,793	55,864	50,918	49,466	49,142	51,107	51,265	53,281	54,865	56,931	57,206	58,450	57,814	57,262	55,270	52,439	49,481	44,863	40,347	34,710	34,777	35,854	22,984	16,683	13,140	10,143	7,771	5,872	4,611	3,748	91,605	1015,749
424,0	74,576	76,114	72,940	62,104	54,548	50,826	48,908	48,620	49,683	51,027	53,475	55,220	57,309	57,791	58,510	57,896	56,783	56,089	52,827	49,376	45,290	39,983	35,201	33,679	36,401	24,188	17,128	13,557	10,311	8,271	6,021	4,468	3,575	25,500	1015,749
425,0	75,005	76,143	72,599	63,364	56,001	51,071	49,898	47,714	49,697	50,369	52,252	55,131	56,780	58,021	58,565	57,724	56,703	55,252	52,174	49,548	45,360	41,219	35,779	33,019	36,334	26,577	17,870	13,887	11,042	8,348	6,227	4,599	3,854	6,072	898,065
426,0	75,388	76,125	71,936	64,617	55,565	50,977	48,524	47,499	49,433	50,596	52,382	54,039	57,050	57,178	58,015	58,287	56,408	56,410	53,284	49,932	45,542	41,436	36,021	32,622	35,646	27,522	18,349	14,516	11,225	8,655	6,685	5,013	3,857	3,513	584,850
427,0	71,876	76,177	73,731	64,572	56,187	51,672	48,486	48,371	48,877	51,016	52,492	54,288	56,164	58,006	57,811	57,573	57,792	55,488	53,372	50,401	46,260	41,895	36,510	32,642	35,312	29,429	18,818	14,692	11,596	8,828	6,770	5,123	3,958	3,323	284,452
428,0	74,432	75,882	72,527	64,789	56,779	51,324	48,782	48,396	48,546	50,080	52,331	54,237	56,264	58,647	58,093	57,748	57,032	55,570	53,433	50,351	46,046	41,809	36,432	32,500	34,076	31,543	20,292	14,700	12,101	9,264	7,116	5,425	4,119	3,406	120,488
429,0	75,488	74,506	72,105	63,913	56,677	50,534	49,397	48,028	49,192	50,461	52,244	53,925	55,562	57,370	57,304	57,910	56,539	55,705	54,066	50,585	46,114	41,774	37,449	32,676	33,027	32,632	20,917	15,234	12,362	9,475	7,615	5,907	4,127	3,411	40,352
430,0	72,723	75,841	72,203	63,172	55,023	50,601	48,185	47,361	49,499	49,765	52,038	54,362	54,945	57,472	56,961	59,012	56,581	55,892	54,280	49,833	45,974	42,381	37,961	33,143	32,415	33,345	22,362	15,786	12,276	9,802	7,651	5,741	4,610	3,438	9,339
431,0	72,332	75,792	73,219	64,209	55,120	50,612	48,229	48,377	48,151	49,435	50,936	54,592	56,624	56,565	57,365	57,348	56,666	55,595	53,622	51,010	46,444	42,769	37,811	33,362	31,710	33,530	24,048	16,035	12,517	10,043	7,793	5,909	4,673	3,573	3,517
432,0	72,839	76,239	73,262	64,233	55,412	51,343	48,307	46,842	47,712	49,510	50,872	53,259	55,716	56,870	57,173	57,470	56,010	55,655	53,652	50,101	47,573	43,429	38,417	32,988	30,999	33,379	25,642	16,845	12,985	10,311	8,119	6,335	4,828	3,619	3,295
433,0	72,424	74,830	73,829	63,192	55,813	50,897	48,185	46,763	48,026	49,490	50,675	52,528	54,485	55,712	57,484	57,688	56,592	55,782	53,204	51,577	47,477	43,287	38,656	34,116	30,423	32,962	27,120	17,548	13,407	10,943	8,264	6,642	5,183	3,805	3,198
434,0	71,986	74,668	70,505	63,925	55,659	50,053	49,595	47,034	47,887	49,110	51,458	53,227	54,436	55,677	56,086	56,448	56,832	55,893	54,583	51,387	46,960	43,392	38,446	34,665	30,291	32,340	28,315	18,263	13,644	11,065	8,432	7,120	5,311	3,829	3,308
435,0	73,178	75,190	71,403	63,875	56,025	51,182	47,641	47,377	47,304	48,752	50,466	52,615	54,347	56,650	57,884	55,673	56,271	55,534	53,890	51,484	47,428	43,777	39,055	34,528	30,381	31,686	29,068	19,185	14,143	11,101	9,138	7,109	5,373	4,105	3,510
436,0	70,286	75,011	72,579	62,788	55,646	51,113	47,457	47,404	46,968	48,080	50,468	51,966	54,285	57,016	56,408	56,921	56,444	56,131	53,363	51,034	47,615	43,478	38,823	35,026	31,022	30,313	30,339	19,666	14,413	11,318	9,009	7,583	5,720	4,358	3,671
437,0	70,985	74,987	72,484	64,102	55,757	51,544	47,603	46,729	46,910	48,125	49,892	51,891	53,801	55,304	56,497	56,122	56,029	55,155	52,655	51,259	47,753	43,570	39,222	34,857	31,167	29,655	30,618	21,248	14,688	11,420	9,391	7,651	6,237	4,593	3,435
438,0	70,274	73,035	71,834	62,146	56,336	50,969	47,229	46,919	46,918	48,279	49,734	51,211	53,540	56,088	56,593	57,042	55,958	55,409	53,254	51,149	48,209	43,731	39,034	35,406	31,257	28,701	30,515	22,484	15,332	11,934	9,532	7,696	6,019	4,900	3,601
439,0	70,938	73,167	71,992	63,419	55,948	50,736	47,389	45,884	46,462	48,387	48,874	50,965	53,167	55,636	55,690	54,992	55,967	54,557	53,251	50,916	48,235	44,562	39,736	35,468	31,532	28,546	30,664	23,755	16,013	12,186	9,930	8,104	6,530	4,952	3,660
440,0	69,840	75,580	72,885	63,220	55,745	50,778	47,690	46,016	46,299	46,929	48,897	51,180	52,585	54,478	54,908	56,273	55,115	55,504	53,556	51,427	48,071	44,235	39,742	35,389	31,747	28,280	29,420	25,131	16,585	12,548	9,969	8,396	6,671	4,928	3,904
441,0	70,047	73,910	72,402	64,356	55,121	50,380	46,885	45,474	45,581	46,944	48,410	50,773	51,912	53,857	54,588	56,039	54,718	54,402	53,287	50,886	47,815	43,837	40,412	35,772	31,647	28,369	28,929	26,579	16,971	12,777	10,252	8,596	7,046	5,259	4,042
442,0	68,467	71,514	72,033	63,897	55,477	50,543	47,522	44,748	45,406	47,529	48,548	50,348	51,956	53,674	54,664	54,963	55,165	54,792	53,013	50,354	48,478	44,658	39,820	36,022	31,980	27,964	28,268	27,414	17,953	12,838	10,844	8,702	7,559	5,477	3,936
443,0	69,411	72,685	69,920	64,912	54,540	49,999	45,956	45,322	45,214	46,516	47,699	49,742	52,629	53,128	54,627	54,543	54,240	53,822	53,300	51,432	48,092	44,567	39,860	36,035	32,495	28,505	27,473	28,076	18,969	13,227	10,973	8,797	7,325	5,640	4,095
444,0	68,360	71,666	71,864	63,543	55,661	49,683	47,488	45,435	45,347	46,472	47,878	49,553	51,736	53,850	54,459	54,553	55,155	54,426	53,728	50,407	47,319	44,580	40,196	36,272	32,382	28,696	26,629	27,897	19,642	13,546	11,184	9,310	7,598	5,859	4,388
445,0	68,922	71,322	70,870	64,336	55,152	50,258	46,056	45,010	44,983	46,013	47,504	48,809	51,164	52,706	54,097	53,915	54,245	53,505	53,466	50,308	48,266	44,279	40,798	36,679	32,012	28,693	26,058	28,001	20,565	14,008	11,555	9,376	7,925	6,176	4,482
446,0	67,363	71,753	70,017	63,536	55,232	50,613	46,322	44,437	44,929	46,171	47,399	48,458	50,774	52,553	53,375	54,100	53,432	52,589	52,246	50,494	47,988	44,617	40,550	36,725	33,384	28,938	25,599	27,963	21,817	14,427	11,461	9,617	8,039	6,348	4,740
447,0	66,102	72,159	69,947	62,422	54,396	49,612	45,759	44,278	43,984	45,138	46,882	49,309	50,866	51,834	53,748	53,772	53,735	52,585	52,191	50,816	47,372	44,516	40,656	36,537	32,455	29,097	25,311	27,060	23,076	14,627	11,888	10,061	8,127	6,490	4,936
448,0	67,916	72,131	69,712	63,018	55,063	48,851	45,153	43,956	44,169	45,067	45,677	47,796	49,930	50,958	52,510	53,065	53,588	52,934	51,860	49,951	47,219	44,568	40,540	37,178	32,976	29,055	25,459	26,178	23,693	15,486	12,022	10,139	8,546	6,782	5,127
449,0	66,797	71,275	69,876	62,635	53,635	48,887	45,177	43,525	44,161	44,555	46,335	47,443	49,728	51,235	52,440	52,688	52,810	52,604	51,805	49,616	46,686	43,334	40,382	37,161	32,887	29,432	25,382	25,795	25,093	16,148	12,198	10,608	8,579	6,807	5,259
450,0	65,578	69,010	68,946	61,339	54,312	48,779	44,783	43,015	44,213	43,367	45,198	47,360	48,802	50,342	51,497	52,069	52,311	51,462	50,646	49,553	47,019	44,059	40,570	36,692	33,232	29,513	25,688	24,498	24,970	16,876	12,520	10,324	8,992	7,028	5,476
451,0	67,226	68,129	68,125	61,672	54,036	48,611	44,191	43,571	42,701	43,978	44,397	46,780	48,239	49,481	51,229	51,636	51,737	52,056	50,873	48,844	46,681	44,174	40,139	36,756	33,651	29,394	25,451	23,794	25,315	18,258	12,628	10,810	8,603	7,362	5,708
452,0	64,368	67,990	67,576	59,325	52,822	49,123	44,201	42,235	42,518	43,055	44,297	46,257	48,938	49,683	50,902	51,134	51,054	50,136	50,285	48,475	46,725	43,796	39,929	36,632	32,724	29,618	25,559	23,474	25,272	18,797	13,094	10,966	8,980	7,266	6,008
453,0	64,640	67,569	67,973	60,844	53,632	47,927	44,454	42,044	42,318	42,209	44,442	45,818	47,536	49,424	50,192	50,100	51,167	50,701	49,851	48,640	45,574	42,671	39,538	37,029	33,254	29,086	25,587	22,477	24,400	20,273	13,393	11,033	9,188	7,606	6,355
454,0	64,199	66,804	67,151	60,730	52,168	47,825	43,883	42,163	41,281	42,495	43,846	45,359	47,314	48,734	49,417	49,733	50,362	50,159	49,274	47,576	45,409	42,560	39,908	36,819	32,930	29,542	25,660	22,326	23,421	20,422	13,918	11,134	9,418	7,947	6,536
455,0	63,893	66,361	66,271	60,961	52,255	47,349	44,359	42,042	41,692	41,587	43,148	45,198	46,511	47,494	48,971	49,547	50,849	49,478	48,921	48,019	46,018	43,004	39,931	36,652	33,410	29,774	25,967	22,506	22,455	21,733	14,777	11,512	9,707	8,002	6,443
456,0	62,593	67,583	67,403	58,152	52,156	47,429	43,899	41,118	40,703	41,400	42,657	44,167	45,711	47,652	47,640	48,108	48,588	49,124	48,387	46,940	45,397	42,414	39,545	36,537	33,067	28,993	25,450	22,567	21,813	22,128	15,143	12,161	9,829	8,083	6,417
457,0	62,566	64,322	66,279	58,275	52,767	46,418	41,069	40,412	40,702	41,181	41,892	43,350	45,593	46,612	47,523	48,527	48,590	48,163	48,165	46,820	44,593	42,594	39,393	36,248	32,729	28,645	25,904	22,157	21,133	22,124	16,031	11,637	10,178	8,022	6,790
458,0	60,481	64,638	64,294	59,118	50,793	46,123	42,612	41,323	39,327	40,151	41,323	43,824	44,223	45,666	47,684	47,600	47,910	48,233	47,485	45,988	44,936	42,656	38,747	35,837	32,605	29,135	26,100	22,262	20,383	22,090	16,855	11,927	9,917	8,495	6,848
459,0	58,943	64,401	64,157	58,506	50,982	45,942	41,347	39,058	39,336	39,745	40,988	41,674	44,120	45,472	46,441	47,144	48,069	47,570	46,794	45,249	44,068	41,804	39,077	36,189	32,389	29,148	26,020	22,266	19,933	21,972	17,784	12,593	10,452	8,550	7,013
460,0	58,519	64,252	63,636	57,837	49,656	44,448	41,559	40,430	39,836	39,028	40,592	41,204	42,487	44,868	45,081	46,650	46,523	47,226	46,712	45,431	43,875	41,287	38,360	35,226	32,227	28,801	25,436	22,356	19,552	21,181	18,167	12,679	10,493	8,587	6,798
461,0	58,973	62,245	62,864	57,182	50,937	44,386	41,515	39,007	37,800	39,073	39,902	42,119	42,514	44,111	45,590	46,081	46,136	45,464	45,721	44,732	43,118	40,732	37,945	35,363	32,881	29,382	25,337	22,105	19,622	20,457	19,127	13,011	10,608	8,754	7,285
462,0	58,526	61,285	61,573	56,282	49,054	43,342	40,919	38,923	37,996	38,244	39,265	40,606	41,886	43,664	45,039	45,112	45,769	45,438	45,460	44,096	42,869	40,255	37,611	34,921	31,886	29,120	25,591	22,233	19,286	19,990	19,132	13,630	10,677	8,834	7,530
463,0	59,058	61,664	62,278	54,889	48,879	44,098	39,643	38,636	37,514	37,941	39,488	39,754	41,697	42,639	43,673	44,452	44,926	45,260	44,587	43,578	42,375	40,659	37,381	34,643	31,758	28,960	25,782	22,006	19,190	18,637	19,955	14,152	10,940	9,243	7,362
464,0	56,718	58,549	60,157	53,996	48,260	44,337	40,083	37,509	37,128	37,412	37,995	39,413	41,089	42,156	43,824	44,408	44,464	44,199	44,326	43,857	41,782	39,180	36,922	34,646	31,657	28,768	25,746	22,070	19,099	18,292	20,077	14,819	11,000	9,169	7,494
465,0	55,244	59,624	58,459	53,968	47,313	43,378	39,493	37,786	36,765	36,546	37,996	39,492	40,682	42,245	43,211	43,556	43,843	43,587	43,446	41,850	40,813	39,272	37,003	33,813	31,785	28,833	25,304	22,000	19,050	17,677	19,898	15,816	11,423	9,330	7,841
466,0	55,824	59,558	58,551	53,976	47,251	41,948	39,606	36,939	36,227	36,555	37,150	38,597	40,201	40,144	42,320	42,431	43,421	42,600	42,802	42,658	41,379	38,905	36,222	33,536	31,518	27,987	25,790	21,889	19,263	17,313	19,375	16,605	11,522	9,352	8,042
467,0	56,079	59,613	57,435	54,212	47,230	42,150	39,004	36,327	36,738	35,950	36,116	37,354	38,860	40,280	41,265	41,732	42,744	42,476	42,688	41,541	40,576	39,215	36,451	33,697	31,397	28,424	24,947	22,198	18,971	16,739	18,855	17,127	11,654	9,342	7,903
468,0	52,210	57,585	57,586	51,632	46,750	41,353	38,134	35,990	35,129	35,610	35,642	37,206	38,392	40,068	40,648	41,691	42,046	41,598	41,735	40,643	39,721	38,244	36,066	32,873	30,994	27,968	24,989	21,767	18,981	16,761	17,857	17,567	12,407	9,552	7,720
469,0	53,411	56,823	56,184	51,001	46,523	41,533	37,544	35,939	35,241	34,480	35,669	37,321	37,846	39,019	40,148	40,165	41,342	40,639	41,219	40,506	38,925	37,523	36,086	33,287	30,496	27,911	25,059	21,599	18,749	16,685	17,236	18,025	12,559	9,695	8,029
470,0	51,995	55,976	57,872	52,152	46,982	40,282	37,985	34,945	34,770	34,143	34,896	36,026	37,621	38,455	39,765	39,014	40,419	40,856	40,148	39,882	38,872	37,090	34,784	32,668	30,271	27,622	25,055	21,729	18,844	16,914	16,968	18,200	13,070	9,867	8,326
471,0	51,168	55,789	55,967	51,475	44,044	39,710	36,537	34,739	33,925	33,304	33,891	35,548	37,036	38,037	39,132	39,732	39,834	40,242	40,150	39,581	37,675	36,375	34,489	32,248	30,274	27,377	24,161	21,669	18,866	16,444	16,034	17,977	13,390	10,105	8,026
472,0	51,128	53,292	55,318	49,643	44,453	39,330	36,181	33,673	33,338	32,869	33,058	34,509	36,109	37,266	38,618	38,769	39,022	39,289	39,521	38,544	38,080	35,849	34,593	32,235	29,873	26,956	24,561	21,389	18,477	16,251	15,827	17,927	14,239	10,082	8,282
473,0	49,454	53,880	54,345	48,729	44,134	39,199	35,417	34,225	32,793	32,759	32,978	34,316	35,335	36,554	38,270	38,115	39,138	37,954	38,320	38,152	36,320	35,919	33,664	31,828	29,231	27,148	23,904	21,325	18,104	15,852	14,983	17,701	15,135	10,105	8,280
474,0	50,461	53,476	53,041	49,300	43,636	38,441	34,994	33,888	32,758	32,424	32,764	33,888	34,963	36,196	36,930	37,704	37,714	37,999	37,777	37,613	36,854	35,071	32,978	31,053	28,784	26,439	23,979	21,126	18,246	15,921	14,836	16,693	15,455	10,531	8,386
475,0	48,035	51,362	53,039	47,280	42,340	38,114	34,512	33,037	31,998	31,383	32,263	33,228	34,258	35,790	36,144	37,640	37,095	37,278	37,192	36,863	35,823	34,110	32,637	31,329	28,906	26,211	23,640	21,094	18,413	16,114	14,947	16,369	16,071	10,836	8,523
476,0	47,936	50,882	51,002	46,597	42,508	37,390	34,241	32,790	32,021	30,805	31,642	32,564	33,853	34,840	35,589	35,860	35,756	36,542	36,485	36,268	34,474	34,006	32,159	30,326	28,349	26,171	23,668	20,855	18,376	15,897	14,275	15,420	16,478	11,440	8,477
477,0	45,821	50,799	50,451	47,515	41,455	37,431	33,616	31,975	31,576	30,597	31,463	31,541	33,113	34,126	34,633	35,009	35,782	35,913	35,417	35,000	34,715	33,807	31,608	29,724	27,881	25,793	23,303	20,312	18,159	15,984	14,666	14,954	16,716	11,774	8,669
478,0	46,536	50,448	49,149	45,801	40,703	35,908	33,307	31,971	30,064	30,227	31,016	31,349	32,158	33,493	34,035	34,979	34,450	35,393	35,613	34,905	33,787	32,699	30,786	29,162	27,701	24,726	22,755	20,014	17,688	15,223	14,201	14,329	16,197	12,295	8,740
479,0	46,253	48,355	48,535	44,711	40,789	35,375	32,792	30,626	29,736	30,609	29,992	30,848	31,888	32,631	33,179	33,962	34,099	34,749	34,936	34,109	32,727	32,650	30,583	28,567	27,327	25,007	22,607	20,115	17,511	15,458	14,370	13,523	16,313	12,756	9,124
480,0	44,051	46,397	48,505	43,892	39,895	35,115	33,406	30,630	28,753	28,441	29,699	30,032	31,106	32,440	32,945	33,328	33,620	33,745	33,349	33,682	33,083	31,610	30,143	28,837	26,845	24,569	22,226	20,285	17,635	15,425	14,090	13,511	15,316	13,450	8,988
481,0	43,585	45,776	46,611	43,210	39,178	34,975	31,660	29,692	29,293	28,532	28,895	30,137	30,442	32,352	31,734	32,074	33,019	33,416	33,942	33,480	32,384	31,341	30,095	27,986	26,347	24,873	21,979	19,965	17,498	15,551	13,922	13,328	14,860	13,886	9,252
482,0	42,221	46,088	45,963	43,194	38,491	34,707	31,456	30,200	28,866	28,039	28,326	28,935	30,044	30,591	31,545	32,291	31,927	33,543	33,051	32,103	32,059	30,820	29,262	27,998	26,107	24,297	22,011	19,698	17,401	14,903	14,119	12,910	14,423	14,239	9,912
483,0	43,158	44,815	45,257	42,570	38,222	35,136	31,501	29,271	28,170	27,228	28,276	27,764	29,866	30,677	31,608	31,110	31,391	31,964	32,183	31,690	31,463	29,805	29,058	27,767	25,530	24,123	22,088	19,202	16,894	15,168	13,645	12,735	13,857	14,512	10,117
484,0	44,028	44,123	43,827	41,872	37,261	33,216	31,239	28,508	27,753	26,898	28,063	28,423	29,389	30,033	30,307	31,364	31,605	31,109	31,604	31,012	30,813	29,330	28,059	26,564	25,271	23,295	21,633	18,799	16,962	14,941	13,642	12,577	13,113	14,138	10,369
485,0	44,594	43,594	44,142	40,675	36,308	33,497	29,841	28,214	27,558	27,447	26,504	27,178	28,006	29,057	29,885	29,798	30,482	30,531	30,330	30,671	29,941	29,298	27,729	26,352	25,116	23,220	21,163	18,627	16,707	14,695	13,737	12,701	12,752	14,147	10,656
486,0	51,510	43,352	43,786	41,028	36,444	32,549	29,432	27,015	26,607	25,846	26,480	26,771	27,952	28,393	29,207	29,549	29,785	29,992	30,236	30,034	29,561	28,444	27,613	25,794	24,312	22,712	20,555	18,927	16,730	14,606	13,429	12,259	11,997	14,436	11,324
487,0	64,278	43,526	42,439	40,003	35,864	31,829	29,534	27,153	26,530	25,635	26,088	26,437	27,326	28,003	28,814	28,668	29,519	30,283	29,857	29,654	29,228	28,390	27,092	25,414	23,945	22,797	20,803	18,513	16,416	14,748	13,173	12,407	11,901	13,643	11,474
488,0	87,197	40,821	41,174	39,176	35,036	30,974	28,441	26,623	26,178	25,679	25,475	26,102	26,714	26,632	28,045	28,534	28,998	28,914	28,984	28,606	28,538	27,645	26,610	25,523	23,700	22,085	20,535	18,183	16,346	14,179	13,444	12,265	11,618	13,256	11,865
489,0	122,896	40,250	40,604	38,837	35,084	31,049	27,894	26,781	25,640	24,851	24,838	25,359	26,003	26,590	27,083	28,090	28,101	28,979	28,798	28,326	28,057	26,924	26,037	24,664	23,244	21,665	19,858	17,551	16,075	14,502	13,218	12,048	11,600	12,557	12,073
490,0	170,377	39,201	40,136	37,448	34,264	30,649	27,757	25,878	24,623	24,218	24,624	24,422	25,251	26,393	26,882	27,219	27,220	27,642	28,375	28,364	27,214	26,646	25,589	24,434	22,859	21,573	19,529	17,511	15,670	14,249	12,810	12,181	11,361	12,025	12,145
491,0	217,341	39,415	40,122	37,352	33,061	30,515	27,646	25,890	24,783	23,757	24,046	23,591	25,064	26,383	26,822	26,583	26,971	27,069	27,253	27,574	26,562	26,605	24,655	24,075	22,726	21,281	19,562	17,614	15,707	13,912	12,898	11,644	11,381	11,423	12,543
492,0	274,627	38,248	39,301	36,591	33,263	29,419	27,545	25,070	23,742	23,489	23,265	23,857	25,144	25,255	25,886	26,061	26,172	27,124	26,934	27,041	26,597	25,708	24,616	23,563	22,386	20,950	18,996	16,971	15,422	13,659	12,393	11,800	11,176	11,230	12,549
493,0	338,017	37,077	38,510	35,918	32,700	29,388	25,767	23,782	24,147	22,769	22,914	23,512	24,450	24,602	25,571	25,467	25,734	26,202	26,534	26,366	25,807	25,296	24,192	23,021	22,134	20,408	18,775	16,954	14,989	13,772	12,416	11,873	10,767	10,625	12,437
494,0	389,985	36,740	37,329	35,418	32,118	28,565	25,371	23,782	22,748	22,511	22,453	23,147	23,077	24,252	25,049	25,221	25,557	25,892	25,644	25,715	25,396	25,155	23,198	22,992	21,483	20,134	18,673	16,486	14,876	13,492	12,311	11,545	10,695	10,206	11,714
495,0	449,981	39,102	37,224	35,064	31,082	27,478	25,608	23,471	22,545	22,318	22,372	22,274	23,144	23,756	24,296	24,357	24,921	24,939	25,136	25,029	25,624	24,435	23,450	22,109	20,870	20,011	17,983	16,356	14,807	13,249	12,104	11,415	10,977	9,713	11,491
496,0	499,249	41,088	36,842	34,241	30,337	27,403	24,808	23,444	22,250	21,746	21,446	22,101	22,697	23,261	24,395	23,934	24,442	24,472	25,078	24,787	24,393	23,688	22,379	21,983	20,526	19,781	17,963	16,332	14,652	13,187	11,809	11,303	10,626	9,859	10,670
497,0	522,751	53,229	36,274	33,229	29,053	26,713	24,206	23,327	21,870	21,134	20,864	21,354	22,026	22,444	23,189	23,512	23,300	24,036	24,089	23,803	24,151	22,814	22,406	21,363	20,254	19,104	17,403	16,118	14,441	12,880	11,893	11,100	10,736	9,646	10,463
498,0	523,603	71,496	34,936	32,239	29,546	26,473	23,723	22,217	21,785	21,639	20,311	21,213	21,862	22,169	22,830	22,831	23,233	23,747	23,936	23,636	22,795	22,700	21,814	21,119	20,051	18,805	17,343	15,867	14,052	12,776	11,714	11,060	10,748	9,556	9,801
499,0	522,118	97,766	33,785	31,556	28,152	25,300	23,607	21,745	20,689	20,842	20,099	20,542	21,447	21,851	22,479	22,796	22,911	22,746	23,468	23,498	23,024	22,467	21,412	20,524	19,696	18,581	16,940	15,359	13,963	12,621	11,523	10,889	10,373	9,380	8,816
500,0	490,663	142,687	32,847	30,607	28,718	25,350	22,813	21,886	21,008	20,548	20,073	20,575	20,505	21,309	20,979	22,031	21,945	22,462	22,814	22,698	22,537	21,781	21,101	20,202	19,309	17,927	16,673	14,914	13,874	12,461	11,463	10,921	10,115	9,125	8,928
501,0	444,130	186,505	33,252	31,708	27,512	24,535	23,118	21,571	20,056	19,193	19,747	20,016	20,392	20,705	21,019	21,578	21,484	21,614	22,073	22,061	22,134	21,473	20,913	19,925	18,765	17,774	16,655	15,012	13,580	12,231	11,280	10,748	10,335	9,187	8,520
502,0	393,382	240,015	31,878	30,095	28,096	24,398	22,650	20,917	19,771	19,607	18,624	19,534	20,136	20,942	20,751	20,976	21,299	21,191	22,113	21,756	21,355	21,191	20,505	19,562	18,504	17,753	16,164	14,656	13,305	11,712	11,164	10,468	9,927	8,968	8,327
503,0	337,228	300,082	31,219	29,901	27,671	24,355	21,014	20,290	19,477	19,051	19,308	18,868	19,080	20,198	20,149	20,455	20,581	21,115	20,602	21,169	20,648	20,547	19,695	19,094	18,007	17,077	16,112	14,643	12,908	11,770	11,009	10,322	10,001	8,922	8,231
504,0	283,301	356,282	31,542	29,675	26,753	24,131	21,684	19,910	19,632	18,919	18,448	18,764	18,781	19,179	19,633	20,636	19,686	20,726	20,597	20,953	20,713	20,008	19,003	18,922	17,786	16,360	15,505	14,403	12,347	11,592	10,691	10,174	9,821	8,825	8,135
505,0	220,878	416,838	32,404	29,179	25,937	23,575	21,524	19,919	18,770	18,452	18,148	17,852	18,221	19,194	19,646	19,649	19,799	20,076	20,509	20,656	19,876	19,369	18,859	18,158	17,442	16,714	15,389	13,883	12,626	11,082	10,372	10,020	9,600	8,630	7,535
506,0	177,099	460,767	34,267	28,075	25,414	22,517	20,799	19,144	18,530	18,163	17,251	18,013	18,503	18,807	18,693	19,009	19,342	19,569	19,584	19,900	19,393	19,370	18,731	18,204	17,303	15,818	14,846	13,852	12,144	11,254	10,534	9,777	9,300	8,566	8,078
507,0	128,631	494,468	40,453	27,479	24,763	21,988	20,223	18,452	17,946	17,391	17,432	17,427	18,060	18,490	18,180	18,762	19,170	19,193	19,209	19,270	19,435	18,358	18,338	17,270	16,931	15,788	14,850	13,776	11,941	11,183	10,370	9,773	9,359	8,488	7,530
508,0	83,746	513,809	56,660	26,863	24,655	22,369	20,371	18,739	18,002	16,906	16,770	16,372	17,495	17,477	17,849	18,271	18,523	18,922	18,769	18,852	18,422	18,047	17,976	17,233	16,448	15,249	14,374	13,334	11,774	10,998	10,101	9,596	9,301	8,472	7,484
509,0	56,405	509,663	80,612	26,738	24,002	21,951	19,292	18,005	17,263	16,675	16,599	16,555	17,349	17,597	17,263	18,101	18,270	18,161	18,533	18,726	17,973	18,203	17,837	16,809	16,143	14,949	14,169	12,885	11,833	10,716	9,892	9,516	9,069	8,284	7,560
510,0	40,711	484,092	120,274	26,702	23,643	20,478	19,002	17,346	17,012	16,365	15,497	16,050	16,705	16,962	17,298	17,655	17,389	18,244	17,772	18,454	17,816	17,489	16,736	16,340	16,252	15,049	13,569	12,520	11,528	10,719	9,860	9,086	8,966	8,161	7,386
511,0	29,124	450,251	166,355	24,506	23,308	20,272	18,771	17,654	16,452	15,981	15,861	15,689	16,262	16,672	16,788	16,761	17,133	17,344	17,290	17,801	17,344	16,937	16,677	16,044	15,042	14,712	13,557	12,673	11,218	10,367	9,433	9,058	8,574	7,945	7,135
512,0	24,680	408,530	223,177	24,567	22,688	19,668	18,361	17,116	15,820	15,740	15,288	15,549	15,500	16,114	15,993	16,801	16,622	16,834	17,149	16,985	16,866	17,079	16,168	15,712	15,169	14,099	13,045	11,935	11,131	9,850	9,391	9,164	8,430	8,001	7,048
513,0	24,688	356,387	290,435	24,532	21,535	19,709	18,175	17,288	16,188	14,999	14,868	15,215	15,465	15,637	15,861	16,359	16,360	16,635	16,816	16,472	16,716	16,667	15,837	15,656	14,889	13,849	12,991	12,071	10,665	9,954	9,339	8,974	8,594	7,751	6,967
514,0	22,722	290,750	351,325	24,325	21,615	18,819	17,324	16,309	15,659	14,997	14,676	14,954	15,182	15,498	15,670	15,625	15,850	16,900	16,128	16,167	16,240	15,790	15,598	15,112	14,302	13,820	12,478	11,958	10,768	9,382	9,067	8,815	8,563	7,426	6,701
515,0	21,548	235,412	414,451	23,642	21,213	18,908	17,143	15,820	15,267	15,128	13,989	14,627	14,856	15,374	15,444	15,480	15,614	16,177	15,687	16,155	16,255	15,515	15,090	14,829	14,184	13,326	12,820	11,095	10,605	9,464	9,056	8,527	8,186	7,599	7,023
516,0	21,116	178,744	478,265	25,967	20,746	18,005	17,261	15,573	14,579	14,519	14,102	13,878	14,060	14,459	14,894	14,548	15,161	15,487	14,797	15,494	15,377	15,101	14,768	14,296	14,147	13,081	12,262	11,474	10,216	9,319	8,945	8,272	8,037	7,218	6,936
517,0	21,067	128,911	516,796	28,999	19,964	17,844	16,888	14,976	14,435	14,276	13,977	13,637	14,109	14,206	14,318	14,855	14,632	15,024	15,102	15,197	15,090	14,855	14,070	13,635	13,400	12,950	11,913	11,124	9,998	9,299	8,823	8,296	8,105	7,128	6,641
518,0	21,410	91,556	540,171	42,404	20,181	17,686	16,080	15,053	13,835	14,092	13,322	13,006	13,513	13,746	14,390	14,121	14,420	15,279	15,080	15,057	14,572	14,580	14,153	13,662	13,093	12,518	11,543	10,472	10,006	8,957	8,608	8,395	7,714	7,073	6,528
519,0	20,231	61,696	542,294	63,352	19,249	17,418	16,219	14,232	13,671	13,635	13,368	12,920	13,071	13,478	13,996	13,771	13,855	14,130	14,296	14,797	14,653	14,224	13,994	13,378	12,663	12,296	11,510	10,859	9,776	8,832	8,263	7,893	7,592	6,992	6,763
520,0	20,816	39,147	538,864	102,990	18,606	17,127	15,451	14,481	13,436	13,147	12,774	13,035	13,011	13,121	13,426	13,690	13,437	13,795	13,904	14,104	13,694	13,692	13,388	12,850	12,470	11,936	11,259	10,235	9,465	8,799	8,197	7,717	7,440	6,752	6,288
521,0	19,047	26,289	505,762	154,315	18,981	16,168	14,857	13,995	13,206	13,269	12,268	12,543	12,440	12,699	13,145	13,038	13,747	13,633	13,580	13,726	13,502	13,251	13,028	12,589	12,108	11,774	10,906	9,863	9,019	8,371	8,009	7,766	7,347	6,763	6,210
522,0	19,617	22,092	454,950	209,885	18,210	16,313	15,048	13,855	13,158	12,328	12,494	12,241	12,304	12,454	12,988	12,997	13,102	12,971	13,349	13,585	13,083	13,182	12,783	12,726	11,972	11,344	10,628	9,665	8,741	8,074	7,764	7,510	7,163	6,656	6,081
523,0	17,960	20,456	390,001	267,669	17,681	16,175	14,371	13,459	12,681	12,007	12,144	11,812	11,868	11,930	12,680	12,604	12,707	12,933	12,868	12,858	13,129	12,806	12,288	12,213	11,631	11,029	10,063	9,714	8,717	8,088	7,882	7,469	6,853	6,575	5,917
524,0	18,909	18,770	328,723	328,507	17,041	15,800	13,980	13,610	12,346	12,004	12,131	12,045	11,963	11,839	12,069	12,214	12,329	12,270	12,586	12,463	12,817	12,657	11,968	11,942	11,327	10,474	10,198	9,454	8,665	7,966	7,644	7,060	7,156	6,515	5,911
525,0	17,365	18,983	268,708	391,568	16,963	15,532	13,933	13,128	12,248	11,754	11,509	11,744	11,230	11,547	11,936	11,999	11,831	12,425	12,170	12,691	12,260	11,813	11,701	11,427	11,236	10,675	10,142	9,368	8,373	7,804	7,321	7,198	6,746	6,428	5,826
526,0	17,032	19,185	206,386	448,924	17,745	15,185	13,309	12,512	11,872	11,175	10,951	10,877	11,604	11,700	11,451	11,691	11,382	12,150	12,093	11,802	11,960	11,990	11,886	11,174	10,822	10,440	9,449	8,867	8,301	7,557	7,113	6,870	6,893	6,353	5,646
527,0	16,625	18,650	152,043	487,354	22,215	14,591	13,617	11,884	11,670	11,049	10,573	10,744	10,639	11,141	11,231	11,330	11,419	11,754	11,682	11,600	11,765	11,540	11,389	10,833	10,463	10,390	9,474	9,107	8,031	7,635	6,997	6,778	6,749	6,145	5,668
528,0	17,358	17,731	105,227	513,823	30,111	14,724	12,977	12,258	11,121	11,036	10,639	10,617	10,401	10,896	11,178	11,113	10,898	11,265	11,753	11,553	11,602	11,361	10,904	10,990	10,336	9,933	9,308	8,593	7,869	7,274	6,767	6,850	6,478	5,877	5,579
529,0	16,145	17,100	69,766	523,523	46,689	13,988	12,280	12,091	10,901	10,810	10,438	10,347	10,508	10,576	10,880	10,550	10,764	10,995	11,155	11,183	11,178	11,005	10,985	10,374	9,888	9,631	9,341	8,595	7,783	7,165	6,596	6,668	6,405	5,833	5,471
530,0	15,047	17,249	43,640	507,581	74,942	13,725	12,562	11,344	10,957	10,669	10,136	9,902	10,089	10,165	10,564	10,240	10,623	11,229	11,179	11,122	10,961	10,798	10,540	10,162	9,857	9,346	8,951	7,861	7,168	6,988	6,642	6,397	6,008	5,625	5,356
531,0	15,830	16,618	27,096	477,205	112,364	13,839	12,713	10,965	10,563	9,691	9,802	10,184	9,808	10,182	10,370	10,097	10,441	10,692	10,670	10,642	10,883	10,093	10,131	10,002	9,523	9,381	8,766	7,892	7,415	6,796	6,517	6,266	6,021	5,647	5,065
532,0	15,997	16,572	20,618	433,517	160,547	13,783	11,486	10,735	10,513	10,020	9,732	9,799	9,694	9,950	9,782	9,858	10,288	10,210	10,318	10,252	10,480	10,139	9,936	9,821	9,234	8,874	8,687	7,536	7,253	6,624	6,492	5,961	6,009	5,491	5,258
533,0	16,300	15,224	17,898	375,402	215,108	13,404	11,755	10,722	10,448	9,832	9,461	9,241	9,488	9,556	9,962	9,758	9,480	10,242	10,209	9,786	10,360	10,103	9,860	9,355	9,434	8,787	8,343	7,937	7,347	6,559	6,388	5,832	5,911	5,396	5,018
534,0	16,174	14,691	16,220	309,426	284,917	12,464	11,129	10,521	9,748	9,548	9,360	9,115	9,214	9,073	9,297	9,613	9,632	9,628	9,726	9,912	9,754	9,628	9,559	9,035	8,983	8,600	8,063	7,692	6,851	6,391	6,148	5,964	5,871	5,359	4,931
535,0	17,166	15,150	16,240	243,694	345,747	13,068	11,387	10,443	9,637	9,051	9,325	8,713	9,102	9,289	8,963	9,250	9,351	9,478	9,649	9,484	9,644	9,694	9,147	9,198	8,776	8,250	8,058	7,377	6,542	6,128	6,246	5,730	5,420	5,253	4,706
536,0	17,615	14,832	16,380	194,504	401,126	12,538	10,866	10,401	9,821	8,955	8,700	8,661	9,033	9,271	9,023	8,766	9,085	9,245	9,369	9,303	9,424	9,569	9,239	8,632	8,592	8,133	7,676	7,082	6,592	6,126	5,668	5,730	5,551	5,261	4,730
537,0	18,360	13,596	14,489	138,039	455,484	14,609	10,392	10,144	9,264	9,199	9,080	8,696	8,756	8,789	8,974	8,873	8,649	9,319	9,413	9,170	8,963	8,698	8,824	8,669	8,468	7,931	7,670	7,085	6,452	5,914	5,907	5,460	5,247	4,962	4,677
538,0	19,062	14,251	15,167	95,023	502,102	19,900	10,449	9,479	8,731	8,546	8,354	8,276	8,424	8,357	8,612	8,667	8,689	8,904	8,780	8,959	9,034	8,592	8,596	8,207	8,233	8,025	7,404	6,956	6,329	5,789	5,576	5,330	5,164	5,007	4,483
539,0	19,180	13,492	14,224	63,115	523,075	31,708	10,400	9,724	8,995	8,407	8,384	8,044	8,115	8,509	7,992	8,327	8,457	8,594	8,742	8,865	8,932	8,594	8,288	8,112	7,905	7,658	7,010	6,756	6,268	5,982	5,415	5,398	5,283	4,641	4,664
540,0	19,634	13,046	14,882	39,363	522,346	53,580	10,054	9,234	8,416	8,085	7,929	7,821	8,239	8,045	8,013	8,630	8,197	8,209	8,330	8,654	8,415	8,319	8,133	7,998	7,842	7,280	6,779	6,626	5,907	5,596	5,210	5,264	5,034	4,624	4,316
541,0	20,197	13,049	13,174	24,987	501,147	87,088	10,446	9,106	8,463	7,930	7,736	7,787	7,809	7,966	7,732	7,788	8,281	8,010	8,214	8,529	8,059	8,325	8,166	7,634	7,547	7,114	7,008	6,278	5,911	5,329	5,120	4,851	4,953	4,598	4,202
542,0	22,108	12,763	13,204	17,925	463,182	126,346	9,533	8,798	8,258	8,246	7,720	7,454	7,526	7,744	7,892	7,753	8,147	8,134	7,984	8,051	8,029	8,162	7,887	7,694	7,551	6,955	6,772	6,044	5,651	5,204	4,980	4,746	4,868	4,514	4,280
543,0	21,306	12,931	11,819	13,296	414,542	183,920	9,448	8,835	8,420	7,830	7,545	7,211	7,239	7,340	7,708	7,463	7,893	7,825	7,990	7,669	7,600	7,512	7,626	7,517	7,439	6,957	6,446	5,833	5,651	5,089	4,889	4,927	4,943	4,417	4,028
544,0	20,472	12,480	12,320	12,582	353,770	240,458	9,055	8,868	7,959	7,334	7,495	7,195	7,107	7,061	7,520	7,285	7,590	7,557	7,528	7,330	7,641	7,325	7,350	7,028	6,797	6,599	5,989	5,681	5,350	5,087	4,808	4,921	4,650	4,392	4,039
545,0	21,035	12,706	11,798	12,414	295,403	296,830	8,861	8,594	8,051	7,181	6,994	6,998	6,715	7,224	7,106	7,223	7,131	7,641	7,272	7,539	7,481	7,462	7,210	6,973	6,616	6,582	6,340	5,677	5,511	4,892	4,822	4,659	4,283	4,199	3,980
546,0	19,858	13,410	11,610	12,576	240,690	352,612	9,315	8,169	7,536	7,425	7,171	6,579	6,678	6,839	6,965	6,857	6,938	7,321	7,379	7,158	7,073	7,190	7,089	6,872	6,395	6,207	6,002	5,543	5,307	4,998	4,510	4,613	4,589	4,123	3,617
547,0	18,421	14,010	11,903	11,837	170,025	402,736	10,413	7,760	7,443	7,187	6,587	6,779	6,879	6,651	6,804	6,920	6,995	6,952	7,279	7,158	7,167	7,047	6,705	6,730	6,485	6,128	5,654	5,383	5,119	4,798	4,583	4,493	4,524	4,090	3,717
548,0	17,800	14,562	11,101	11,228	125,191	440,555	13,279	8,071	7,326	6,639	6,447	6,498	6,279	6,716	6,623	6,725	6,716	7,109	6,793	6,975	6,699	6,789	6,858	6,444	6,119	5,765	5,950	5,445	4,876	4,529	4,388	4,420	4,323	3,876	3,641
549,0	17,786	14,524	11,067	11,409	80,112	462,489	20,129	7,593	7,240	6,750	6,387	6,458	6,383	6,772	6,546	6,850	6,382	6,747	6,816	6,410	6,821	6,540	6,544	6,400	6,315	5,953	5,581	5,053	4,800	4,359	4,391	4,141	4,054	3,962	3,579
550,0	16,225	15,406	10,704	11,451	50,463	465,171	33,342	7,469	6,944	6,592	6,424	6,065	6,326	6,121	6,350	6,334	6,207	6,212	6,517	6,603	6,579	6,521	6,435	6,148	6,001	5,820	5,593	5,061	4,540	4,328	4,166	4,195	4,077	3,602	3,389
551,0	15,957	16,356	10,768	10,741	27,622	452,797	60,518	7,167	6,923	6,354	5,981	5,745	5,964	5,876	6,043	6,453	6,153	6,185	6,282	6,385	6,250	6,139	6,045	6,069	5,950	5,440	5,304	4,980	4,583	4,294	4,051	4,028	3,885	3,503	3,471
552,0	13,052	16,593	10,748	10,586	16,940	431,451	92,757	7,220	6,796	6,207	6,170	5,936	5,782	5,708	5,958	6,130	6,087	6,200	6,113	6,101	5,990	5,714	6,163	5,748	5,595	5,491	5,085	5,045	4,448	4,155	3,866	3,885	3,724	3,637	3,307
553,0	13,154	16,976	10,607	10,365	11,977	391,196	139,455	7,413	6,514	5,781	5,856	5,734	5,752	5,722	5,709	6,126	6,052	6,096	5,833	5,997	6,069	5,698	5,712	5,559	5,341	5,301	4,992	4,697	4,215	4,081	3,896	3,669	3,750	3,524	3,258
554,0	11,328	17,420	10,241	9,909	9,944	331,893	198,916	6,884	6,276	5,781	5,538	5,440	5,672	5,530	5,713	5,921	5,549	5,661	6,051	5,867	5,978	5,706	5,629	5,477	5,395	5,166	4,857	4,460	4,347	3,911	3,774	3,635	3,380	3,473	3,198
555,0	10,560	17,869	10,140	9,816	9,097	278,261	260,363	6,842	6,217	5,613	5,728	5,387	5,558	5,413	5,487	5,389	5,552	5,507	5,524	5,623	5,547	5,517	5,356	5,398	5,124	5,003	4,876	4,447	4,077	3,907	3,615	3,617	3,555	3,289	3,000
556,0	10,367	17,275	10,714	9,147	9,252	223,590	323,838	7,195	6,129	5,881	5,360	5,366	5,321	5,143	5,285	5,255	5,272	5,337	5,645	5,435	5,590	5,610	5,304	5,269	4,958	4,818	4,738	4,225	4,004	3,737	3,542	3,353	3,420	3,222	3,062
557,0	9,511	18,114	10,685	9,167	9,349	165,805	380,623	7,400	5,772	5,482	4,926	5,270	4,859	5,226	5,151	5,425	5,201	5,127	5,236	5,402	5,159	5,260	5,063	4,960	4,885	4,717	4,401	4,073	3,813	3,626	3,336	3,377	3,195	3,145	2,901
558,0	8,502	17,602	10,917	9,543	8,515	119,689	426,340	10,735	5,589	5,335	5,172	5,047	5,008	4,875	4,741	4,959	5,320	5,185	5,067	5,190	5,303	5,063	4,916	4,842	4,714	4,625	4,310	4,049	3,578	3,462	3,380	3,384	3,156	3,265	2,841
559,0	8,631	17,338	11,462	8,574	8,623	81,812	458,178	17,876	5,602	5,045	4,850	4,773	4,709	4,716	4,765	4,975	4,791	5,038	5,232	5,058	5,008	4,864	4,978	4,863	4,498	4,382	4,227	3,946	3,634	3,242	3,495	3,162	3,059	2,963	2,871
560,0	8,006	15,958	11,909	8,035	8,852	48,079	476,782	34,312	5,292	4,894	5,048	4,889	4,427	4,430	4,486	4,637	4,726	4,872	4,716	4,714	4,739	4,800	4,686	4,562	4,311	4,180	3,881	3,716	3,557	3,262	3,048	3,163	3,033	2,957	2,761
561,0	7,366	15,080	11,936	8,172	8,206	28,337	478,528	59,072	5,366	4,808	4,750	4,346	4,484	4,598	4,745	4,498	4,520	4,694	4,666	4,885	4,581	4,574	4,453	4,531	4,373	4,127	3,765	3,767	3,546	3,123	3,056	3,110	2,997	2,849	2,566
562,0	7,244	13,777	13,425	8,360	8,353	17,311	457,242	91,808	5,129	4,461	4,570	4,329	4,459	4,124	4,373	4,350	4,482	4,472	4,401	4,458	4,526	4,432	4,209	4,288	4,112	4,061	3,779	3,531	3,348	3,051	2,829	2,740	3,010	2,663	2,668
563,0	7,114	12,533	13,129	8,575	8,257	11,012	426,234	135,550	5,246	4,637	4,385	4,317	4,156	4,194	4,216	4,166	4,419	4,400	4,221	4,618	4,321	4,252	4,247	4,141	4,032	3,857	3,613	3,285	3,125	2,992	2,812	2,882	2,903	2,653	2,442
564,0	6,765	11,649	13,548	7,851	8,057	8,429	372,396	187,509	4,954	4,301	4,167	4,009	3,772	4,023	3,975	4,299	4,298	4,189	4,263	4,243	4,180	4,242	4,022	3,916	3,928	3,596	3,641	3,050	3,067	2,905	2,814	2,819	2,814	2,604	2,391
565,0	6,937	10,604	14,584	8,107	7,841	7,568	323,491	240,684	4,563	4,285	4,264	4,228	3,737	3,954	3,937	3,951	4,047	4,296	4,098	4,026	4,028	3,781	3,790	3,806	3,664	3,458	3,435	3,185	2,784	2,668	2,711	2,643	2,604	2,471	2,249
566,0	6,538	10,036	14,998	8,189	7,620	7,336	265,122	291,689	5,011	4,147	3,851	3,942	3,839	3,828	3,778	3,779	4,052	3,942	3,947	4,042	3,837	3,770	3,744	3,814	3,589	3,469	3,304	3,218	2,865	2,650	2,608	2,608	2,351	2,575	2,153
567,0	6,511	8,736	13,898	7,833	7,660	7,377	200,162	348,368	5,670	4,144	3,773	3,625	3,588	3,705	3,603	3,760	4,000	3,903	3,760	3,740	3,876	3,534	3,803	3,420	3,400	3,130	3,190	2,888	2,670	2,618	2,440	2,445	2,359	2,238	2,001
568,0	6,051	7,867	14,663	7,863	7,407	6,943	145,637	400,124	7,871	3,815	3,572	3,595	3,333	3,453	3,542	3,430	3,672	3,471	3,649	3,681	3,718	3,408	3,425	3,389	3,006	3,009	3,054	2,792	2,618	2,468	2,272	2,358	2,431	2,127	2,108
569,0	6,387	7,794	15,898	7,615	7,575	6,821	100,825	424,139	13,164	3,721	3,413	3,413	3,347	3,271	3,383	3,411	3,368	3,642	3,379	3,565	3,515	3,377	3,385	3,158	3,207	3,027	2,949	2,590	2,525	2,380	2,220	2,242	2,207	1,932	1,860
570,0	5,716	7,107	14,474	8,392	7,056	6,479	64,933	440,929	25,644	3,704	3,306	3,200	3,101	3,167	3,207	3,072	3,370	3,331	3,491	3,227	3,295	3,275	3,122	3,167	3,000	2,968	2,640	2,611	2,359	2,244	2,125	2,057	2,084	1,931	1,824
571,0	5,302	6,598	14,126	8,509	7,063	6,536	40,575	442,214	44,250	3,677	3,201	3,127	3,079	3,166	2,966	2,958	3,193	3,045	3,260	3,142	3,026	3,060	3,095	3,107	3,003	2,695	2,762	2,510	2,262	2,208	2,201	2,068	1,950	1,929	1,747
572,0	5,160	6,214	13,671	9,279	6,458	6,469	23,655	432,342	69,669	3,217	3,064	3,139	2,731	3,037	2,849	2,900	3,062	3,151	3,156	3,222	3,109	2,962	2,968	2,883	2,628	2,818	2,591	2,459	2,258	2,125	1,993	2,025	2,033	1,865	1,603
573,0	5,276	6,188	13,332	9,420	6,639	6,456	11,969	402,469	109,734	3,175	2,758	2,845	2,703	2,676	2,817	2,886	2,806	2,890	2,930	2,837	2,933	2,927	2,719	2,558	2,570	2,476	2,398	2,276	2,122	2,048	1,912	1,989	2,006	1,626	1,624
574,0	5,065	5,555	11,996	9,736	6,735	6,621	7,705	359,042	152,372	3,298	2,857	2,669	2,762	2,619	2,574	2,543	2,919	2,868	3,011	2,766	2,753	2,779	2,707	2,628	2,608	2,422	2,358	2,144	2,115	1,702	1,657	1,822	1,759	1,711	1,632
575,0	4,985	5,601	11,063	10,487	6,379	6,757	6,006	312,524	200,421	3,012	2,750	2,599	2,863	2,665	2,540	2,734	2,647	2,751	2,627	2,711	2,646	2,750	2,610	2,487	2,293	2,420	2,074	2,035	1,860	1,772	1,651	1,687	1,824	1,565	1,473
576,0	4,852	5,269	10,426	11,305	6,241	6,226	5,481	252,072	256,427	3,073	2,655	2,584	2,486	2,589	2,563	2,400	2,686	2,636	2,426	2,479	2,447	2,610	2,394	2,305	2,166	2,188	2,097	1,970	1,922	1,671	1,714	1,632	1,756	1,603	1,502
577,0	4,589	5,237	9,731	11,576	6,425	6,226	5,732	206,429	300,401	3,340	2,768	2,398	2,216	2,436	2,406	2,420	2,390	2,519	2,545	2,312	2,243	2,165	2,299	2,311	2,035	1,972	1,942	1,894	1,764	1,684	1,665	1,584	1,374	1,461	1,392
578,0	4,080	5,101	8,597	12,682	6,169	6,363	5,509	158,937	345,564	4,234	2,484	2,200	2,080	2,135	2,188	2,363	2,341	2,235	2,231	2,282	2,198	2,168	2,109	2,093	2,144	1,908	1,633	1,744	1,605	1,555	1,463	1,520	1,358	1,377	1,328
579,0	4,100	4,878	7,837	12,465	6,301	5,975	5,250	109,012	386,271	8,083	2,602	2,250	2,089	2,369	2,187	2,106	2,330	2,240	2,179	2,261	2,288	2,056	2,038	1,929	1,880	1,857	1,737	1,621	1,437	1,537	1,422	1,546	1,274	1,306	1,259
580,0	4,687	5,050	7,307	12,906	6,750	6,103	4,887	73,515	409,001	14,686	2,196	2,123	2,096	2,079	2,101	1,943	2,181	2,292	2,173	2,035	1,881	2,012	1,906	1,780	1,798	1,672	1,681	1,597	1,482	1,467	1,379	1,347	1,276	1,183	1,120
581,0	4,399	4,631	6,738	12,002	6,651	5,697	4,990	43,029	410,190	28,645	2,299	2,006	1,828	2,052	1,891	2,016	2,073	2,042	1,952	2,068	1,884	1,778	1,685	1,807	1,595	1,731	1,585	1,475	1,161	1,306	1,216	1,281	1,252	1,195	1,048
582,0	4,064	4,168	5,876	13,056	6,851	5,954	5,184	23,747	406,314	48,287	2,152	1,708	1,968	1,834	1,850	1,669	1,857	1,881	1,971	1,905	1,892	1,815	1,677	1,574	1,606	1,520	1,515	1,429	1,437	1,205	1,129	1,230	1,160	1,201	1,080
583,0	4,166	4,234	5,393	11,999	7,350	5,818	4,666	12,891	377,695	78,082	2,134	1,932	1,825	1,847	1,743	1,786	1,928	1,868	1,944	1,755	1,792	1,619	1,847	1,622	1,537	1,525	1,394	1,282	1,243	1,204	1,094	1,208	1,088	1,114	0,878
584,0	3,610	4,059	5,119	11,683	7,543	5,667	5,172	6,890	339,059	113,676	1,834	1,775	1,833	1,529	1,684	1,633	1,743	1,726	1,734	1,638	1,628	1,737	1,486	1,433	1,506	1,401	1,330	1,251	1,221	1,113	1,071	1,155	1,025	0,966	0,876
585,0	4,005	4,181	5,161	11,282	7,969	6,066	5,075	4,437	298,261	155,901	1,895	1,630	1,585	1,689	1,620	1,581	1,582	1,550	1,585	1,553	1,611	1,487	1,572	1,405	1,384	1,226	1,191	1,293	1,124	1,020	1,008	1,058	1,089	0,956	0,853
586,0	3,502	4,148	4,945	11,055	8,403	5,575	5,219	4,278	246,031	198,134	1,983	1,710	1,562	1,517	1,588	1,635	1,594	1,589	1,592	1,554	1,397	1,452	1,391	1,242	1,300	1,252	1,196	1,093	1,041	1,016	1,080	1,046	0,873	0,970	0,907
587,0	3,691	3,817	5,209	9,817	8,699	5,695	5,146	3,727	201,110	242,010	2,079	1,618	1,491	1,457	1,377	1,525	1,590	1,390	1,476	1,436	1,455	1,272	1,275	1,156	1,354	1,093	1,242	1,088	0,925	0,905	0,908	0,863	0,803	0,831	0,722
588,0	3,662	4,149	4,886	9,473	9,352	5,695	4,905	3,753	155,001	283,580	2,968	1,433	1,596	1,377	1,337	1,374	1,456	1,356	1,502	1,417	1,361	1,191	1,215	1,207	1,125	1,138	1,044	1,014	0,895	0,867	0,814	0,900	0,763	0,870	0,832
589,0	3,287	3,815	4,209	8,653	10,285	5,838	4,847	3,558	107,839	317,201	5,412	1,588	1,314	1,106	1,251	1,327	1,367	1,402	1,378	1,419	1,302	1,235	1,252	1,098	1,125	1,153	1,032	0,952	0,985	0,881	0,804	0,714	0,836	0,748	0,656
590,0	3,203	3,985	4,499	7,385	10,410	5,195	5,055	3,774	71,521	340,375	12,153	1,356	1,400	1,289	1,284	1,211	1,378	1,301	1,431	1,371	1,272	1,091	1,186	1,118	1,021	1,076	0,928	0,943	0,942	0,802	0,782	0,753	0,685	0,706	0,616
591,0	3,455	3,477	4,648	7,394	10,384	5,464	4,774	3,764	43,456	351,377	24,142	1,458	1,238	1,192	1,100	1,345	1,229	1,284	1,168	1,117	1,083	1,087	1,145	1,073	0,999	1,012	0,978	0,898	0,867	0,665	0,720	0,783	0,722	0,736	0,505
592,0	3,188	3,469	3,898	6,593	11,181	5,537	4,785	3,397	22,035	349,777	46,817	1,317	1,180	1,319	1,119	1,082	1,131	1,077	1,228	1,245	1,098	1,142	1,052	0,965	0,950	0,897	0,797	0,835	0,802	0,716	0,712	0,629	0,746	0,640	0,622
593,0	3,216	3,378	4,244	6,175	11,337	5,744	4,744	3,264	10,963	334,775	73,768	1,158	1,210	0,932	1,229	1,024	1,216	1,144	1,193	1,076	1,118	0,945	0,901	0,939	0,987	0,785	0,744	0,754	0,666	0,643	0,649	0,535	0,587	0,603	0,548
594,0	3,360	3,435	3,840	5,661	11,407	5,976	4,555	3,396	4,903	308,575	111,912	1,283	1,176	1,070	1,064	0,997	1,121	1,048	1,120	1,044	1,010	0,947	0,894	0,869	0,783	0,845	0,746	0,776	0,724	0,656	0,628	0,532	0,603	0,551	0,411
595,0	3,448	3,348	3,627	5,163	11,227	6,233	4,881	3,440	2,768	267,544	154,314	1,268	1,091	0,927	1,018	1,131	1,187	1,104	1,026	0,912	0,986	0,912	0,942	0,843	0,938	0,747	0,708	0,651	0,690	0,683	0,491	0,656	0,566	0,474	0,513
596,0	3,205	3,407	3,625	5,010	11,331	6,463	4,816	3,555	2,252	228,789	198,805	1,392	1,090	1,020	0,903	0,943	1,021	1,203	1,002	0,873	0,930	0,807	0,854	0,839	0,724	0,659	0,674	0,592	0,574	0,630	0,540	0,468	0,604	0,515	0,459
597,0	2,977	3,389	4,180	4,862	10,609	6,848	4,615	3,339	2,327	182,208	244,065	1,332	0,893	0,985	0,863	0,976	0,945	0,831	0,842	1,058	0,739	0,794	0,744	0,738	0,608	0,706	0,597	0,676	0,583	0,565	0,548	0,571	0,611	0,472	0,426
598,0	3,374	3,540	4,202	4,830	10,389	7,324	4,655	3,291	2,299	141,585	283,228	2,278	0,984	0,863	0,811	0,905	0,869	0,889	0,977	0,901	0,755	0,705	0,657	0,721	0,622	0,695	0,578	0,555	0,561	0,501	0,530	0,536	0,523	0,473	0,456
599,0	2,746	3,532	4,168	4,502	9,933	7,825	4,689	3,371	2,241	97,403	326,512	4,572	0,791	0,966	0,961	0,827	0,936	0,900	0,882	0,708	0,732	0,706	0,748	0,683	0,596	0,678	0,558	0,446	0,476	0,483	0,467	0,476	0,488	0,360	0,234
600,0	2,858	3,509	3,526	4,498	8,942	8,271	4,768	3,333	2,143	66,983	351,809	9,936	0,872	0,893	0,723	0,712	0,969	0,792	0,793	0,775	0,708	0,687	0,635	0,546	0,552	0,602	0,549	0,524	0,486	0,383	0,520	0,383	0,371	0,427	0,433
